duration = 2400;

entities =
{

	{
		entity_name = "intro_dsy_alaska",
		type = SCENE,
		template_name = "",
		lt_grp = 0, srt_grp = 0, usr_flg = 0,
		spatialprops =
{
			pos = {0, 0, 0},
			orient = {{1, 0, 0}, {0, 1, 0}, {0, 0, 1}}
    },
		up = Y_AXIS,
		front = Z_AXIS,
		ambient = {0, 0, 0}
},


	{
		entity_name = "Monitor",
		type = MONITOR,
		template_name = "",
		lt_grp = 0, srt_grp = 0, usr_flg = 0
},

		{
		entity_name = "Camera",
		type = CAMERA,
		template_name = "",
		lt_grp = 0, srt_grp = 0, usr_flg = 0,
		spatialprops =
		{
			pos = {0, 0, 0},
			orient = {{1, 0, 0}, {0, 1, 0}, {0, 0, 1}}
		},
		cameraprops =
		{
        fovh = 41,
		hvaspect = 1.777777,
        nearplane = 1,
        farplane = 5000
		}
	},

	{
    entity_name = "Camera_Marker",
    type = MARKER,
    template_name = "",
    lt_grp = 0, srt_grp = 0, usr_flg = 0,
    spatialprops =
    {
        pos = {0, 0, 0},
        orient = {{1, 0, 0}, {0, 1, 0}, {0, 0, 1}}
    }
},

	{
		entity_name = "path_camera",
		type = MOTION_PATH,
		template_name = "",
		lt_grp = 0, srt_grp = 0, usr_flg = 0,
		spatialprops =
		{
			pos = { 0, 0, 0 },
			orient = { { 1, 0, 0 }, { 0, 1, 0 }, { 0, 0, 1 } }
		},
		pathprops =
		{
			path_type = "CV_CROrientationSplinePath",
			path_data = "OPEN,{0,0,5000}, {1.000000,0.000000,0.000000,0.000000}, {0,0,2500}, {1.000000,0.000000,0.000000,0.000000}, {0,0,1250}, {1.000000,0.000000,0.000000,0.000000}, {0,0,0}, {1.000000,0.000000,0.000000,0.000000}, "
		}
	},

	{
		entity_name = "path_asteroid",
		type = MOTION_PATH,
		template_name = "",
		lt_grp = 0, srt_grp = 0, usr_flg = 0,
		spatialprops =
		{
			pos = { 0, 0, 0 },
			orient = { { 1, 0, 0 }, { 0, 1, 0 }, { 0, 0, 1 } }
		},
		pathprops =
		{
			path_type = "CV_CROrientationSplinePath",
			path_data = "OPEN,{-400,-60,-1000}, {1.000000,0.000000,0.000000,0.000000}, {35,5,150}, {1.000000,0.000000,0.000000,0.000000}, "
		}
	},

	{
		entity_name = "path_labc",
		type = MOTION_PATH,
		template_name = "",
		lt_grp = 0, srt_grp = 0, usr_flg = 0,
		spatialprops =
		{
			pos = { 0, 0, 0 },
			orient = { { 1, 0, 0 }, { 0, 1, 0 }, { 0, 0, 1 } }
		},
		pathprops =
		{
			path_type = "CV_CROrientationSplinePath",
			path_data = "OPEN, {1400,0,-1100}, {1.000000,0.000000,0.000000,0.000000}, {400, 0, -2500}, {1.000000,0.000000,0.000000,0.000000}, "
		}
	},

	{
		entity_name = "path_ageira",
		type = MOTION_PATH,
		template_name = "",
		lt_grp = 0, srt_grp = 0, usr_flg = 0,
		spatialprops =
		{
			pos = { 0, 0, 0 },
			orient = { { 1, 0, 0 }, { 0, 1, 0 }, { 0, 0, 1 } }
		},
		pathprops =
		{
			path_type = "CV_CROrientationSplinePath",
			path_data = "OPEN,{-300,200,-1500}, {1.000000,0.000000,0.000000,0.000000}, {50,200,0}, {1.000000,0.000000,0.000000,0.000000}, "
		}
	},

	{
		entity_name = "path_vhf",
		type = MOTION_PATH,
		template_name = "",
		lt_grp = 0, srt_grp = 0, usr_flg = 0,
		spatialprops =
		{
			pos = { 0, 0, 0 },
			orient = { { 1, 0, 0 }, { 0, 1, 0 }, { 0, 0, 1 } }
		},
		pathprops =
		{
			path_type = "CV_CROrientationSplinePath",
			path_data = "OPEN,{2000,5,-1500}, {1.000000,0.000000,0.000000,0.000000}, {-500,5,0}, {1.000000,0.000000,0.000000,0.000000}, "
		}
	},

	{
		entity_name = "bg_color_light",
		type = LIGHT,
		template_name = "",
		lt_grp = 1, srt_grp = -1, usr_flg = 0,
		spatialprops =
		{
			pos = { 2.635458, 0, 1.632055 },
			orient = { {  0.636787,  0.000000, -0.771040 },
					   {  0.000000,  1.000000,  0.000000 },
					   {  0.771040,  0.000000,  0.636787 } }
		},
		lightprops =
		{
			on = Y,
			color = { 255, 255, 255 },
			diffuse = { 0, 0, 0 },
			specular = { 0, 0, 0 },
			ambient = { 0.35, 0.35, 0.43 },
			direction = { 0, 0, 1 },
			range = 2000,
			cutoff = 98.99998,
			type = L_DIRECT,
			theta = 90,
			atten = { 1, 0, 0 }
			
		}
	},

	{
		entity_name = "bg_color",
		type = COMPOUND,
		template_name = "skydome_sky_blank",
		lt_grp = 1, srt_grp = -1, usr_flg = 2,
		flags = LIT_DYNAMIC,
		spatialprops =
		{
			pos = { 0, 0, 0 },
			orient = { { 1, 0, 0 }, { 0, 1, 0 }, { 0, 0, 1 } }
		},
		userprops =
		{
			category = "Prop",
		}
	},

	{
    entity_name = "MainLight",
    type = LIGHT,
    template_name = "",
    lt_grp = 0, srt_grp = 0, usr_flg = 0,
    spatialprops =
    {
        pos = {4000, 0, -3000},
        orient = {{1, 0, 0}, {0, 1, 0}, {0, 0, 1}}
    },
    lightprops =
    {
        on = Y,
        color = {1, 1, 1},
        diffuse = {0.27, 0.68, 0.68},
        specular = {1, 1, 1},
        ambient = {0.12, 0.17, 0.17},
        direction = {0, 0, 1},
        range = 16000,
        cutoff = 0,
        type = L_POINT,
        theta = 4000,
        atten = {1, 0, 0}
    }
},

	{
    entity_name = "PuffLight",
    type = LIGHT,
    template_name = "",
    lt_grp = 2, srt_grp = 0, usr_flg = 0,
    spatialprops =
    {
        pos = {0, 0, 10000},
        orient = {{1, 0, 0}, {0, 1, 0}, {0, 0, 1}}
    },
    lightprops =
    {
        on = Y,
        color = {1, 1, 1},
        diffuse = {0.23, 0.39, 0.39},
        specular = {1, 1, 1},
        ambient = {0.24, 0.35, 0.35},
        direction = {0, 0, 1},
        range = 15000,
        cutoff = 0,
        type = L_POINT,
        theta = 4000,
        atten = {1, 0, 0}
    }
},

	{
		entity_name = "ageira_1",
		type = COMPOUND,
		template_name = "dsy_ageira_b_transport",
		lt_grp = 0, srt_grp = 0, usr_flg = 0,
		flags = LIT_DYNAMIC,
		spatialprops =
		{
			pos = {  0, 10000, 0 },
			orient = { { 0, 0, 1 }, { 0, 1, 0 }, { -1, 0, 0 } }
		},
		userprops =
		{
			category = "Spaceship",
			loadout = "co_vr_ageira_b_transport_l1_d1-19",
		}
	},

	{
		entity_name = "FX_ageira_1_engine_1",
		type = PSYS,
		template_name = "gf_li_largeengine01_fire",
		lt_grp = 0, srt_grp = 0, usr_flg = 0,
		flags = LIT_DYNAMIC + LIT_AMBIENT,
		spatialprops =
		{
			pos = { 8055.927, 536.3806, -4270.505 },
			orient = { { -0.856302,  0.000000, -0.516475 },
					   {  0.000000,  1.000000,  0.000000 },
					   {  0.516475,  0.000000, -0.856302 } }
		},
		psysprops =
		{
			sparam = 0
		}
	},

	{
		entity_name = "FX_ageira_1_engine_2",
		type = PSYS,
		template_name = "gf_li_largeengine01_fire",
		lt_grp = 0, srt_grp = 0, usr_flg = 0,
		flags = LIT_DYNAMIC + LIT_AMBIENT,
		spatialprops =
		{
			pos = { 8055.927, 536.3806, -4270.505 },
			orient = { { -0.856302,  0.000000, -0.516475 },
					   {  0.000000,  1.000000,  0.000000 },
					   {  0.516475,  0.000000, -0.856302 } }
		},
		psysprops =
		{
			sparam = 0
		}
	},

	{
		entity_name = "FX_ageira_1_engine_3",
		type = PSYS,
		template_name = "gf_li_largeengine01_fire",
		lt_grp = 0, srt_grp = 0, usr_flg = 0,
		flags = LIT_DYNAMIC + LIT_AMBIENT,
		spatialprops =
		{
			pos = { 8055.927, 536.3806, -4270.505 },
			orient = { { -0.856302,  0.000000, -0.516475 },
					   {  0.000000,  1.000000,  0.000000 },
					   {  0.516475,  0.000000, -0.856302 } }
		},
		psysprops =
		{
			sparam = 0
		}
	},

	{
		entity_name = "FX_ageira_1_engine_4",
		type = PSYS,
		template_name = "gf_li_largeengine01_fire",
		lt_grp = 0, srt_grp = 0, usr_flg = 0,
		flags = LIT_DYNAMIC + LIT_AMBIENT,
		spatialprops =
		{
			pos = { 8055.927, 536.3806, -4270.505 },
			orient = { { -0.856302,  0.000000, -0.516475 },
					   {  0.000000,  1.000000,  0.000000 },
					   {  0.516475,  0.000000, -0.856302 } }
		},
		psysprops =
		{
			sparam = 0
		}
	},

	{
		entity_name = "ageira_2",
		type = COMPOUND,
		template_name = "dsy_ageira_b_transport",
		lt_grp = 0, srt_grp = 0, usr_flg = 0,
		flags = LIT_DYNAMIC,
		spatialprops =
		{
			pos = {  0, 10000, 0 },
			orient = { { 0, 0, 1 }, { 0, 1, 0 }, { -1, 0, 0 } }
		},
		userprops =
		{
			category = "Spaceship",
			loadout = "co_vr_ageira_b_transport_l1_d1-19",
		}
	},

	{
		entity_name = "FX_ageira_2_engine_1",
		type = PSYS,
		template_name = "gf_li_largeengine01_fire",
		lt_grp = 0, srt_grp = 0, usr_flg = 0,
		flags = LIT_DYNAMIC + LIT_AMBIENT,
		spatialprops =
		{
			pos = { 8055.927, 536.3806, -4270.505 },
			orient = { { -0.856302,  0.000000, -0.516475 },
					   {  0.000000,  1.000000,  0.000000 },
					   {  0.516475,  0.000000, -0.856302 } }
		},
		psysprops =
		{
			sparam = 0
		}
	},

	{
		entity_name = "FX_ageira_2_engine_2",
		type = PSYS,
		template_name = "gf_li_largeengine01_fire",
		lt_grp = 0, srt_grp = 0, usr_flg = 0,
		flags = LIT_DYNAMIC + LIT_AMBIENT,
		spatialprops =
		{
			pos = { 8055.927, 536.3806, -4270.505 },
			orient = { { -0.856302,  0.000000, -0.516475 },
					   {  0.000000,  1.000000,  0.000000 },
					   {  0.516475,  0.000000, -0.856302 } }
		},
		psysprops =
		{
			sparam = 0
		}
	},

	{
		entity_name = "FX_ageira_2_engine_3",
		type = PSYS,
		template_name = "gf_li_largeengine01_fire",
		lt_grp = 0, srt_grp = 0, usr_flg = 0,
		flags = LIT_DYNAMIC + LIT_AMBIENT,
		spatialprops =
		{
			pos = { 8055.927, 536.3806, -4270.505 },
			orient = { { -0.856302,  0.000000, -0.516475 },
					   {  0.000000,  1.000000,  0.000000 },
					   {  0.516475,  0.000000, -0.856302 } }
		},
		psysprops =
		{
			sparam = 0
		}
	},

	{
		entity_name = "FX_ageira_2_engine_4",
		type = PSYS,
		template_name = "gf_li_largeengine01_fire",
		lt_grp = 0, srt_grp = 0, usr_flg = 0,
		flags = LIT_DYNAMIC + LIT_AMBIENT,
		spatialprops =
		{
			pos = { 8055.927, 536.3806, -4270.505 },
			orient = { { -0.856302,  0.000000, -0.516475 },
					   {  0.000000,  1.000000,  0.000000 },
					   {  0.516475,  0.000000, -0.856302 } }
		},
		psysprops =
		{
			sparam = 0
		}
	},

	{
		entity_name = "vhf_1",
		type = COMPOUND,
		template_name = "dsy_li_elite3",
		lt_grp = 0, srt_grp = 0, usr_flg = 0,
		flags = LIT_DYNAMIC,
		spatialprops =
		{
			pos = {  0, 10000, 0 },
			orient = { { 0, 0, 1 }, { 0, 1, 0 }, { -1, 0, 0 } }
		},
		userprops =
		{
			category = "Spaceship",
		}
	},

	{
		entity_name = "FX_vhf_engine_1",
		type = PSYS,
		template_name = "gf_li_smallengine02_fire",
		lt_grp = 0, srt_grp = 0, usr_flg = 0,
		flags = LIT_DYNAMIC + LIT_AMBIENT,
		spatialprops =
		{
			pos = { 8055.927, 536.3806, -4270.505 },
			orient = { { -0.856302,  0.000000, -0.516475 },
					   {  0.000000,  1.000000,  0.000000 },
					   {  0.516475,  0.000000, -0.856302 } }
		},
		psysprops =
		{
			sparam = 0
		}
	},

	{
		entity_name = "FX_bmb_1_engine_1",
		type = PSYS,
		template_name = "gf_li_smallengine02_fire",
		lt_grp = 0, srt_grp = 0, usr_flg = 0,
		flags = LIT_DYNAMIC + LIT_AMBIENT,
		spatialprops =
		{
			pos = { 8055.927, 536.3806, -4270.505 },
			orient = { { -0.856302,  0.000000, -0.516475 },
					   {  0.000000,  1.000000,  0.000000 },
					   {  0.516475,  0.000000, -0.856302 } }
		},
		psysprops =
		{
			sparam = 0
		}
	},

	{
		entity_name = "FX_bmb_1_engine_2",
		type = PSYS,
		template_name = "gf_li_smallengine02_fire",
		lt_grp = 0, srt_grp = 0, usr_flg = 0,
		flags = LIT_DYNAMIC + LIT_AMBIENT,
		spatialprops =
		{
			pos = { 8055.927, 536.3806, -4270.505 },
			orient = { { -0.856302,  0.000000, -0.516475 },
					   {  0.000000,  1.000000,  0.000000 },
					   {  0.516475,  0.000000, -0.856302 } }
		},
		psysprops =
		{
			sparam = 0
		}
	},

	{
		entity_name = "FX_bmb_2_engine_1",
		type = PSYS,
		template_name = "gf_li_smallengine02_fire",
		lt_grp = 0, srt_grp = 0, usr_flg = 0,
		flags = LIT_DYNAMIC + LIT_AMBIENT,
		spatialprops =
		{
			pos = { 8055.927, 536.3806, -4270.505 },
			orient = { { -0.856302,  0.000000, -0.516475 },
					   {  0.000000,  1.000000,  0.000000 },
					   {  0.516475,  0.000000, -0.856302 } }
		},
		psysprops =
		{
			sparam = 0
		}
	},

	{
		entity_name = "FX_bmb_2_engine_2",
		type = PSYS,
		template_name = "gf_li_smallengine02_fire",
		lt_grp = 0, srt_grp = 0, usr_flg = 0,
		flags = LIT_DYNAMIC + LIT_AMBIENT,
		spatialprops =
		{
			pos = { 8055.927, 536.3806, -4270.505 },
			orient = { { -0.856302,  0.000000, -0.516475 },
					   {  0.000000,  1.000000,  0.000000 },
					   {  0.516475,  0.000000, -0.856302 } }
		},
		psysprops =
		{
			sparam = 0
		}
	},

	{
		entity_name = "bmb_1",
		type = COMPOUND,
		template_name = "dsy_upholder",
		lt_grp = 0, srt_grp = 0, usr_flg = 0,
		flags = LIT_DYNAMIC,
		spatialprops =
		{
			pos = {  0, 10000, 0 },
			orient = { { 0, 0, 1 }, { 0, 1, 0 }, { -1, 0, 0 } }
		},
		userprops =
		{
			category = "Spaceship",
		}
	},

	{
		entity_name = "FX_vhf_engine_1",
		type = PSYS,
		template_name = "gf_li_smallengine02_fire",
		lt_grp = 0, srt_grp = 0, usr_flg = 0,
		flags = LIT_DYNAMIC + LIT_AMBIENT,
		spatialprops =
		{
			pos = { 8055.927, 536.3806, -4270.505 },
			orient = { { -0.856302,  0.000000, -0.516475 },
					   {  0.000000,  1.000000,  0.000000 },
					   {  0.516475,  0.000000, -0.856302 } }
		},
		psysprops =
		{
			sparam = 0
		}
	},

	{
		entity_name = "FX_vhf_engine_1",
		type = PSYS,
		template_name = "gf_li_smallengine02_fire",
		lt_grp = 0, srt_grp = 0, usr_flg = 0,
		flags = LIT_DYNAMIC + LIT_AMBIENT,
		spatialprops =
		{
			pos = { 8055.927, 536.3806, -4270.505 },
			orient = { { -0.856302,  0.000000, -0.516475 },
					   {  0.000000,  1.000000,  0.000000 },
					   {  0.516475,  0.000000, -0.856302 } }
		},
		psysprops =
		{
			sparam = 0
		}
	},

	{
		entity_name = "bmb_2",
		type = COMPOUND,
		template_name = "dsy_upholder",
		lt_grp = 0, srt_grp = 0, usr_flg = 0,
		flags = LIT_DYNAMIC,
		spatialprops =
		{
			pos = {  0, 10000, 0 },
			orient = { { 0, 0, 1 }, { 0, 1, 0 }, { -1, 0, 0 } }
		},
		userprops =
		{
			category = "Spaceship",
		}
	},

	{
		entity_name = "labc_1",
		type = COMPOUND,
		template_name = "dsy_assaultfrigate",
		lt_grp = 0, srt_grp = 0, usr_flg = 0,
		flags = LIT_DYNAMIC,
		spatialprops =
		{
			pos = {  0, 10000, 0 },
			orient = { { 0, 0, 1 }, { 0, 1, 0 }, { -1, 0, 0 } }
		},
		userprops =
		{
			category = "Spaceship",
			loadout = "Liberty_Battlecruiser_Loadout",
		}
	},

	{
		entity_name = "labc_1_engine",
		type = PSYS,
		template_name = "dsy_li_largeengine04",
		lt_grp = 0, srt_grp = 0, usr_flg = 0,
		flags = LIT_DYNAMIC + LIT_AMBIENT,
		spatialprops =
		{
			pos = { 0, 0, 0 },
			orient = { { 1, 0, 0 }, { 0, 1, 0 }, { 0, 0, 1 } }
		},
		psysprops =
		{
			sparam = 0
		}
	},

	{
		entity_name = "dynamicast",
		type = COMPOUND,
		template_name = "DAst_solar_ice_crystal_small1",
		lt_grp = 0, srt_grp = 0, usr_flg = 0,
		flags = LIT_DYNAMIC,
		spatialprops =
		{
			pos = { 0, 1000, 0 },
        orient = {{0.7660444,  0.0000000,  0.6427876}, {0, 1, 0}, {-0.6427876,  0.0000000,  0.7660444}}
		},
		userprops =
		{
			category = "Solar",
		}
	},

	{
		entity_name = "dynamicast_dust",
		type = PSYS,
		template_name = "dsy_mineableast",
		lt_grp = 0, srt_grp = 0, usr_flg = 0,
		flags = LIT_DYNAMIC + LIT_AMBIENT,
		spatialprops =
		{
			pos = { 0, 1000, 0 },
			orient = { { 1, 0, 0 }, { 0, 1, 0 }, { 0, 0, 1 } }
		},
		psysprops =
		{
			sparam = 0
		}
	},

	{
		entity_name = "TLR1",
		type = COMPOUND,
		template_name = "trade_lane_ring_construct_A",
		lt_grp = 0, srt_grp = 0, usr_flg = 0,
		flags = LIT_DYNAMIC,
		spatialprops =
		{
			pos = { 1000, 0, -2450 },
        orient = {{0.7660444,  0.0000000,  0.6427876}, {0, 1, 0}, {-0.6427876,  0.0000000,  0.7660444}}
		},
		userprops =
		{
			category = "Solar",
		}
	},

	{
		entity_name = "TLR2",
		type = COMPOUND,
		template_name = "trade_lane_ring_construct_B",
		lt_grp = 0, srt_grp = 0, usr_flg = 0,
		flags = LIT_DYNAMIC,
		spatialprops =
		{
			pos = { 1200, 0, -1000 },
        orient = {{1, 0, 0}, {0, 1, 0}, {0, 0, 1}}
		},
		userprops =
		{
			category = "Solar",
		}
	},

	{
		entity_name = "ast_1",
		type = COMPOUND,
		template_name = "ast_solar_ice_spike_50",
		lt_grp = 0, srt_grp = 0, usr_flg = 0,
		flags = LIT_DYNAMIC,
		spatialprops =
		{
			pos = { -100, 0, 500 },
			orient = { { 0.9810603, -0.0858316,  0.1736482 }, { 0.1520976,  0.8964629, -0.4161977 }, { -0.1199462,  0.4347265,  0.8925390 } }
		},
		userprops =
		{
			category = "Solar",
		}
	},

	{
		entity_name = "ast_2",
		type = COMPOUND,
		template_name = "ast_solar_ice_spike_125",
		lt_grp = 0, srt_grp = 0, usr_flg = 0,
		flags = LIT_DYNAMIC,
		spatialprops =
		{
			pos = { -300, 0, 1500 },
			orient = { { 0.9810603, -0.0858316,  0.1736482 }, { 0.1520976,  0.8964629, -0.4161977 }, { -0.1199462,  0.4347265,  0.8925390 } }
		},
		userprops =
		{
			category = "Solar",
		}
	},

	{
		entity_name = "ast_3",
		type = COMPOUND,
		template_name = "ast_solar_ice_spike_125",
		lt_grp = 0, srt_grp = 0, usr_flg = 0,
		flags = LIT_DYNAMIC,
		spatialprops =
		{
			pos = { -500, 1220, 1700 },
			orient = { { 0.9810603, -0.0858316,  0.1736482 }, { 0.1520976,  0.8964629, -0.4161977 }, { -0.1199462,  0.4347265,  0.8925390 } }
		},
		userprops =
		{
			category = "Solar",
		}
	},

	{
		entity_name = "ast_4",
		type = COMPOUND,
		template_name = "ast_solar_ice_spike_200",
		lt_grp = 0, srt_grp = 0, usr_flg = 0,
		flags = LIT_DYNAMIC,
		spatialprops =
		{
			pos = { 200, 120, 2200 },
			orient = { { 0.9810603, -0.0858316,  0.1736482 }, { 0.1520976,  0.8964629, -0.4161977 }, { -0.1199462,  0.4347265,  0.8925390 } }
		},
		userprops =
		{
			category = "Solar",
		}
	},

	{
		entity_name = "ast_5",
		type = COMPOUND,
		template_name = "ast_solar_ice_spike_200",
		lt_grp = 0, srt_grp = 0, usr_flg = 0,
		flags = LIT_DYNAMIC,
		spatialprops =
		{
			pos = { 100, 20, 3800 },
			orient = { { 0.9810603, -0.0858316,  0.1736482 }, { 0.1520976,  0.8964629, -0.4161977 }, { -0.1199462,  0.4347265,  0.8925390 } }
		},
		userprops =
		{
			category = "Solar",
		}
	},

	{
		entity_name = "ast_6",
		type = COMPOUND,
		template_name = "ast_solar_ice_spike_50",
		lt_grp = 0, srt_grp = 0, usr_flg = 0,
		flags = LIT_DYNAMIC,
		spatialprops =
		{
			pos = { 200, 20, -600 },
			orient = { { 0.9810603, -0.0858316,  0.1736482 }, { 0.1520976,  0.8964629, -0.4161977 }, { -0.1199462,  0.4347265,  0.8925390 } }
		},
		userprops =
		{
			category = "Solar",
		}
	},

	{
		entity_name = "ast_7",
		type = COMPOUND,
		template_name = "ast_solar_ice_spike_200",
		lt_grp = 0, srt_grp = 0, usr_flg = 0,
		flags = LIT_DYNAMIC,
		spatialprops =
		{
			pos = { 600, 420, -1200 },
			orient = { { 0.9810603, -0.0858316,  0.1736482 }, { 0.1520976,  0.8964629, -0.4161977 }, { -0.1199462,  0.4347265,  0.8925390 } }
		},
		userprops =
		{
			category = "Solar",
		}
	},

	{
		entity_name = "ast_8",
		type = COMPOUND,
		template_name = "ast_solar_ice_spike_125",
		lt_grp = 0, srt_grp = 0, usr_flg = 0,
		flags = LIT_DYNAMIC,
		spatialprops =
		{
			pos = { -300, -320, -1000 },
			orient = { { 0.9810603, -0.0858316,  0.1736482 }, { 0.1520976,  0.8964629, -0.4161977 }, { -0.1199462,  0.4347265,  0.8925390 } }
		},
		userprops =
		{
			category = "Solar",
		}
	},

	{
		entity_name = "ast_9",
		type = COMPOUND,
		template_name = "ast_solar_ice_spike_125",
		lt_grp = 0, srt_grp = 0, usr_flg = 0,
		flags = LIT_DYNAMIC,
		spatialprops =
		{
			pos = { 1000, -120, -1500 },
			orient = { { 0.9810603, -0.0858316,  0.1736482 }, { 0.1520976,  0.8964629, -0.4161977 }, { -0.1199462,  0.4347265,  0.8925390 } }
		},
		userprops =
		{
			category = "Solar",
		}
	},

	{
		entity_name = "ast_10",
		type = COMPOUND,
		template_name = "ast_solar_ice_spike_125",
		lt_grp = 0, srt_grp = 0, usr_flg = 0,
		flags = LIT_DYNAMIC,
		spatialprops =
		{
			pos = { 800, 250, -1500 },
			orient = { { 0.9810603, -0.0858316,  0.1736482 }, { 0.1520976,  0.8964629, -0.4161977 }, { -0.1199462,  0.4347265,  0.8925390 } }
		},
		userprops =
		{
			category = "Solar",
		}
	},

	{
		entity_name = "ast_11",
		type = COMPOUND,
		template_name = "ast_solar_ice_spike_200",
		lt_grp = 0, srt_grp = 0, usr_flg = 0,
		flags = LIT_DYNAMIC,
		spatialprops =
		{
			pos = { -1200, 300, -1600 },
			orient = { { 0.9810603, -0.0858316,  0.1736482 }, { 0.1520976,  0.8964629, -0.4161977 }, { -0.1199462,  0.4347265,  0.8925390 } }
		},
		userprops =
		{
			category = "Solar",
		}
	},

	{
		entity_name = "ast_12",
		type = COMPOUND,
		template_name = "ast_solar_ice_spike_50",
		lt_grp = 0, srt_grp = 0, usr_flg = 0,
		flags = LIT_DYNAMIC,
		spatialprops =
		{
			pos = { 600, -400, -1300 },
			orient = { { 0.9810603, -0.0858316,  0.1736482 }, { 0.1520976,  0.8964629, -0.4161977 }, { -0.1199462,  0.4347265,  0.8925390 } }
		},
		userprops =
		{
			category = "Solar",
		}
	},

	{
		entity_name = "ast_13",
		type = COMPOUND,
		template_name = "ast_solar_ice_spike_125",
		lt_grp = 0, srt_grp = 0, usr_flg = 0,
		flags = LIT_DYNAMIC,
		spatialprops =
		{
			pos = { 100, 600, -1800 },
			orient = { { 0.9810603, -0.0858316,  0.1736482 }, { 0.1520976,  0.8964629, -0.4161977 }, { -0.1199462,  0.4347265,  0.8925390 } }
		},
		userprops =
		{
			category = "Solar",
		}
	},

	
	
	{
		entity_name = "ast_14",
		type = COMPOUND,
		template_name = "ast_solar_ice_spike_50",
		lt_grp = 0, srt_grp = 0, usr_flg = 0,
		flags = LIT_DYNAMIC,
		spatialprops =
		{
			pos = { 600, 420, 700 },
			orient = { { 0.9810603, -0.0858316,  0.1736482 }, { 0.1520976,  0.8964629, -0.4161977 }, { -0.1199462,  0.4347265,  0.8925390 } }
		},
		userprops =
		{
			category = "Solar",
		}
	},

	{
		entity_name = "ast_15",
		type = COMPOUND,
		template_name = "ast_solar_ice_spike_200",
		lt_grp = 0, srt_grp = 0, usr_flg = 0,
		flags = LIT_DYNAMIC,
		spatialprops =
		{
			pos = { -300, -320, 1400 },
			orient = { { 0.9810603, -0.0858316,  0.1736482 }, { 0.1520976,  0.8964629, -0.4161977 }, { -0.1199462,  0.4347265,  0.8925390 } }
		},
		userprops =
		{
			category = "Solar",
		}
	},

	{
		entity_name = "ast_16",
		type = COMPOUND,
		template_name = "ast_solar_ice_spike_125",
		lt_grp = 0, srt_grp = 0, usr_flg = 0,
		flags = LIT_DYNAMIC,
		spatialprops =
		{
			pos = { 1000, -120, 2100 },
			orient = { { 0.9810603, -0.0858316,  0.1736482 }, { 0.1520976,  0.8964629, -0.4161977 }, { -0.1199462,  0.4347265,  0.8925390 } }
		},
		userprops =
		{
			category = "Solar",
		}
	},

	{
		entity_name = "ast_17",
		type = COMPOUND,
		template_name = "ast_solar_ice_spike_50",
		lt_grp = 0, srt_grp = 0, usr_flg = 0,
		flags = LIT_DYNAMIC,
		spatialprops =
		{
			pos = { 800, 250, 1900 },
			orient = { { 0.9810603, -0.0858316,  0.1736482 }, { 0.1520976,  0.8964629, -0.4161977 }, { -0.1199462,  0.4347265,  0.8925390 } }
		},
		userprops =
		{
			category = "Solar",
		}
	},

	{
		entity_name = "ast_18",
		type = COMPOUND,
		template_name = "ast_solar_ice_spike_125",
		lt_grp = 0, srt_grp = 0, usr_flg = 0,
		flags = LIT_DYNAMIC,
		spatialprops =
		{
			pos = { 200, -300, 1300 },
			orient = { { 0.9810603, -0.0858316,  0.1736482 }, { 0.1520976,  0.8964629, -0.4161977 }, { -0.1199462,  0.4347265,  0.8925390 } }
		},
		userprops =
		{
			category = "Solar",
		}
	},

	{
		entity_name = "ast_19",
		type = COMPOUND,
		template_name = "ast_solar_ice_spike_50",
		lt_grp = 0, srt_grp = 0, usr_flg = 0,
		flags = LIT_DYNAMIC,
		spatialprops =
		{
			pos = { -1200, 300, 1600 },
			orient = { { 0.9810603, -0.0858316,  0.1736482 }, { 0.1520976,  0.8964629, -0.4161977 }, { -0.1199462,  0.4347265,  0.8925390 } }
		},
		userprops =
		{
			category = "Solar",
		}
	},

	{
		entity_name = "ast_20",
		type = COMPOUND,
		template_name = "ast_solar_ice_spike_50",
		lt_grp = 0, srt_grp = 0, usr_flg = 0,
		flags = LIT_DYNAMIC,
		spatialprops =
		{
			pos = { 600, -400, 1100 },
			orient = { { 0.9810603, -0.0858316,  0.1736482 }, { 0.1520976,  0.8964629, -0.4161977 }, { -0.1199462,  0.4347265,  0.8925390 } }
		},
		userprops =
		{
			category = "Solar",
		}
	},

	{
		entity_name = "ast_21",
		type = COMPOUND,
		template_name = "ast_solar_ice_spike_125",
		lt_grp = 0, srt_grp = 0, usr_flg = 0,
		flags = LIT_DYNAMIC,
		spatialprops =
		{
			pos = { 100, 600, 1800 },
			orient = { { 0.9810603, -0.0858316,  0.1736482 }, { 0.1520976,  0.8964629, -0.4161977 }, { -0.1199462,  0.4347265,  0.8925390 } }
		},
		userprops =
		{
			category = "Solar",
		}
	},

	{
		entity_name = "nebula_puff_1",
		type = COMPOUND,
		template_name = "nebula_puff",
		lt_grp = 2, srt_grp = 0, usr_flg = 0,
		flags = LIT_DYNAMIC,
		spatialprops =
		{
			pos = { -100, 400, 500 },
			orient = { { 1, 0, 0 }, { 0, 1, 0 }, { 0, 0, 1 } }
		},
		userprops =
		{
			category = "Prop",
		}
	},
	
	{
		entity_name = "nebula_puff_2",
		type = COMPOUND,
		template_name = "nebula_puff",
		lt_grp = 2, srt_grp = 0, usr_flg = 0,
		flags = LIT_DYNAMIC,
		spatialprops =
		{
			pos = { 500, -100, 1500 },
			orient = { { 1, 0, 0 }, { 0, 1, 0 }, { 0, 0, 1 } }
		},
		userprops =
		{
			category = "Prop",
		}
	},

	{
		entity_name = "nebula_puff_3",
		type = COMPOUND,
		template_name = "nebula_puff",
		lt_grp = 2, srt_grp = 0, usr_flg = 0,
		flags = LIT_DYNAMIC,
		spatialprops =
		{
			pos = { -200, 200, 3000 },
			orient = { { 1, 0, 0 }, { 0, 1, 0 }, { 0, 0, 1 } }
		},
		userprops =
		{
			category = "Prop",
		}
	},

	{
		entity_name = "nebula_puff_4",
		type = COMPOUND,
		template_name = "nebula_puff",
		lt_grp = 2, srt_grp = 0, usr_flg = 0,
		flags = LIT_DYNAMIC,
		spatialprops =
		{
			pos = { 400, 400, -1700 },
			orient = { { 1, 0, 0 }, { 0, 1, 0 }, { 0, 0, 1 } }
		},
		userprops =
		{
			category = "Prop",
		}
	},

	{
		entity_name = "nebula_puff_5",
		type = COMPOUND,
		template_name = "nebula_puff",
		lt_grp = 2, srt_grp = 0, usr_flg = 0,
		flags = LIT_DYNAMIC,
		spatialprops =
		{
			pos = { -200, -400, -1350 },
			orient = { { 1, 0, 0 }, { 0, 1, 0 }, { 0, 0, 1 } }
		},
		userprops =
		{
			category = "Prop",
		}
	},

	{
		entity_name = "prudhoe",
		type = COMPOUND,
		template_name = "dsy_weapons_fab",
		lt_grp = 0, srt_grp = 0, usr_flg = 0,
		flags = LIT_DYNAMIC,
		spatialprops =
		{
			pos = { 150, 0, -1750 },
        orient = {{0.7660444,  0.0000000,  0.6427876}, {0, 1, 0}, {-0.6427876,  0.0000000,  0.7660444}}
		},
		userprops =
		{
			category = "Solar",
		}
	},

	{
		entity_name = "prudhoe_tower",
		type = COMPOUND,
		template_name = "dsy_weapons_fab_tower",
		lt_grp = 0, srt_grp = 0, usr_flg = 0,
		flags = LIT_DYNAMIC,
		spatialprops =
		{
			pos = { 150, 0, -1750 },
        orient = {{0.7660444,  0.0000000,  0.6427876}, {0, 1, 0}, {-0.6427876,  0.0000000,  0.7660444}}
		},
		userprops =
		{
			category = "Solar",
		}
	},

	{
		entity_name = "prudhoe_smoke_1",
		type = PSYS,
		template_name = "gf_manufacturingplatformwhite",
		lt_grp = 0, srt_grp = 0, usr_flg = 0,
		flags = LIT_DYNAMIC + LIT_AMBIENT,
		spatialprops =
		{
			pos = { 0, 0, 0 },
			orient = { { 1, 0, 0 }, { 0, 1, 0 }, { 0, 0, 1 } }
		},
		psysprops =
		{
			sparam = 0
		}
	},

	{
		entity_name = "prudhoe_smoke_2",
		type = PSYS,
		template_name = "gf_manufacturingplatformwhite",
		lt_grp = 0, srt_grp = 0, usr_flg = 0,
		flags = LIT_DYNAMIC + LIT_AMBIENT,
		spatialprops =
		{
			pos = { 0, 0, 0 },
			orient = { { 1, 0, 0 }, { 0, 1, 0 }, { 0, 0, 1 } }
		},
		psysprops =
		{
			sparam = 0
		}
	},

	{
		entity_name = "prudhoe_smoke_3",
		type = PSYS,
		template_name = "gf_manufacturingplatformwhite",
		lt_grp = 0, srt_grp = 0, usr_flg = 0,
		flags = LIT_DYNAMIC + LIT_AMBIENT,
		spatialprops =
		{
			pos = { 0, 0, 0 },
			orient = { { 1, 0, 0 }, { 0, 1, 0 }, { 0, 0, 1 } }
		},
		psysprops =
		{
			sparam = 0
		}
	},

	{
		entity_name = "prudhoe_smoke_4",
		type = PSYS,
		template_name = "gf_manufacturingplatformwhite",
		lt_grp = 0, srt_grp = 0, usr_flg = 0,
		flags = LIT_DYNAMIC + LIT_AMBIENT,
		spatialprops =
		{
			pos = { 0, 0, 0 },
			orient = { { 1, 0, 0 }, { 0, 1, 0 }, { 0, 0, 1 } }
		},
		psysprops =
		{
			sparam = 0
		}
	},

};

events =
{
{
    0.000, SET_CAMERA, {"Monitor", "Camera"}
},

	{
		0.000, START_PSYS, { "light_texture" },
		{
			duration = 2400.000
		}
	},

	{
		0.000, START_PATH_ANIMATION, { "Camera", "path_camera" },
		{
			duration = 20.000,
			start_percent = 0,
			stop_percent = 1,
			offset = { 0, 0, 0 },
			up = Y_AXIS,
			front = NEG_Z_AXIS,
			flags = POSITION,
			param_curve =
			{
				CLSID = "FreeFormPCurve",
				points =
				{
					{  0.000000,  0.000000,  0.000000,  0.000000 },
					{  1.000000,  1.000000,  0.000000,  0.000000 },
				}
			},
			pcurve_period = -1000
		}
	},

	{
		10.000, START_PATH_ANIMATION, { "vhf_1", "path_vhf" },
		{
			duration = 30.000,
			start_percent = 0,
			stop_percent = 1,
			offset = { 0, 0, 0 },
			up = Y_AXIS,
			front = NEG_Z_AXIS,
			flags = POSITION + ORIENTATION + LOOK_AT,
			param_curve =
			{
				CLSID = "FreeFormPCurve",
				points =
				{
					{  0.000000,  0.000000,  0.000000,  0.000000 },
					{  1.000000,  1.000000,  0.000000,  0.000000 },
				}
			},
			pcurve_period = -1000
		}
	},

	{
		10.000, START_PATH_ANIMATION, { "bmb_1", "path_vhf" },
		{
			duration = 30.000,
			start_percent = 0,
			stop_percent = 1,
			offset = { -50, -25, -25 },
			up = Y_AXIS,
			front = NEG_Z_AXIS,
			flags = POSITION + ORIENTATION + LOOK_AT,
			param_curve =
			{
				CLSID = "FreeFormPCurve",
				points =
				{
					{  0.000000,  0.000000,  0.000000,  0.000000 },
					{  1.000000,  1.000000,  0.000000,  0.000000 },
				}
			},
			pcurve_period = -1000
		}
	},

	{
		10.000, START_PATH_ANIMATION, { "bmb_2", "path_vhf" },
		{
			duration = 30.000,
			start_percent = 0,
			stop_percent = 1,
			offset = { 50, -25, -25 },
			up = Y_AXIS,
			front = NEG_Z_AXIS,
			flags = POSITION + ORIENTATION + LOOK_AT,
			param_curve =
			{
				CLSID = "FreeFormPCurve",
				points =
				{
					{  0.000000,  0.000000,  0.000000,  0.000000 },
					{  1.000000,  1.000000,  0.000000,  0.000000 },
				}
			},
			pcurve_period = -1000
		}
	},

	{
		10.000, START_PSYS, { "FX_vhf_engine_1" },
		{
			duration = 2400.000
		}
	},

	{
		10.000, ATTACH_ENTITY, { "FX_vhf_engine_1", "vhf_1" },
		{
			duration = 2400.000,
			offset = { 0, 0, 0 },
			up = Y_AXIS,
			front = NEG_Z_AXIS,
			target_part = "hpengine01",
			target_type = HARDPOINT,
			flags = POSITION + ORIENTATION + LOOK_AT
		}
	},

	{
		10.000, START_PSYS_PROP_ANIM, { "FX_vhf_engine_1" },
		{
			duration = 2400.000,
			psysprops =
			{
				sparam = 1
			},
			param_curve =
			{
				CLSID = "FreeFormPCurve",
				points =
				{
					{  0.000000,  0.794872,  0.000000,  0.000000 },
					{  1.000000,  0.794872,  0.000000,  0.000000 },
				}
			},
			pcurve_period = -1000
		}
	},

	{
		10.000, START_PSYS, { "FX_bmb_1_engine_1" },
		{
			duration = 2400.000
		}
	},

	{
		10.000, ATTACH_ENTITY, { "FX_bmb_1_engine_1", "bmb_1" },
		{
			duration = 2400.000,
			offset = { 0, 0, 0 },
			up = Y_AXIS,
			front = NEG_Z_AXIS,
			target_part = "hpengine01",
			target_type = HARDPOINT,
			flags = POSITION + ORIENTATION + LOOK_AT
		}
	},

	{
		10.000, START_PSYS_PROP_ANIM, { "FX_bmb_1_engine_1" },
		{
			duration = 2400.000,
			psysprops =
			{
				sparam = 1
			},
			param_curve =
			{
				CLSID = "FreeFormPCurve",
				points =
				{
					{  0.000000,  0.794872,  0.000000,  0.000000 },
					{  1.000000,  0.794872,  0.000000,  0.000000 },
				}
			},
			pcurve_period = -1000
		}
	},


	{
		10.000, START_PSYS, { "FX_bmb_1_engine_2" },
		{
			duration = 2400.000
		}
	},

	{
		10.000, ATTACH_ENTITY, { "FX_bmb_1_engine_2", "bmb_1" },
		{
			duration = 2400.000,
			offset = { 0, 0, 0 },
			up = Y_AXIS,
			front = NEG_Z_AXIS,
			target_part = "hpengine02",
			target_type = HARDPOINT,
			flags = POSITION + ORIENTATION + LOOK_AT
		}
	},

	{
		10.000, START_PSYS_PROP_ANIM, { "FX_bmb_1_engine_2" },
		{
			duration = 2400.000,
			psysprops =
			{
				sparam = 1
			},
			param_curve =
			{
				CLSID = "FreeFormPCurve",
				points =
				{
					{  0.000000,  0.794872,  0.000000,  0.000000 },
					{  1.000000,  0.794872,  0.000000,  0.000000 },
				}
			},
			pcurve_period = -1000
		}
	},

	{
		10.000, START_PSYS, { "FX_bmb_2_engine_1" },
		{
			duration = 2400.000
		}
	},

	{
		10.000, ATTACH_ENTITY, { "FX_bmb_2_engine_1", "bmb_2" },
		{
			duration = 2400.000,
			offset = { 0, 0, 0 },
			up = Y_AXIS,
			front = NEG_Z_AXIS,
			target_part = "hpengine01",
			target_type = HARDPOINT,
			flags = POSITION + ORIENTATION + LOOK_AT
		}
	},

	{
		10.000, START_PSYS_PROP_ANIM, { "FX_bmb_2_engine_1" },
		{
			duration = 2400.000,
			psysprops =
			{
				sparam = 1
			},
			param_curve =
			{
				CLSID = "FreeFormPCurve",
				points =
				{
					{  0.000000,  0.794872,  0.000000,  0.000000 },
					{  1.000000,  0.794872,  0.000000,  0.000000 },
				}
			},
			pcurve_period = -1000
		}
	},


	{
		10.000, START_PSYS, { "FX_bmb_2_engine_2" },
		{
			duration = 2400.000
		}
	},

	{
		10.000, ATTACH_ENTITY, { "FX_bmb_2_engine_2", "bmb_2" },
		{
			duration = 2400.000,
			offset = { 0, 0, 0 },
			up = Y_AXIS,
			front = NEG_Z_AXIS,
			target_part = "hpengine02",
			target_type = HARDPOINT,
			flags = POSITION + ORIENTATION + LOOK_AT
		}
	},

	{
		10.000, START_PSYS_PROP_ANIM, { "FX_bmb_2_engine_2" },
		{
			duration = 2400.000,
			psysprops =
			{
				sparam = 1
			},
			param_curve =
			{
				CLSID = "FreeFormPCurve",
				points =
				{
					{  0.000000,  0.794872,  0.000000,  0.000000 },
					{  1.000000,  0.794872,  0.000000,  0.000000 },
				}
			},
			pcurve_period = -1000
		}
	},

	{
		10.000, START_PATH_ANIMATION, { "ageira_1", "path_ageira" },
		{
			duration = 90.000,
			start_percent = 0,
			stop_percent = 1,
			offset = { -25, -50, -150 },
			up = Y_AXIS,
			front = NEG_Z_AXIS,
			flags = POSITION + ORIENTATION + LOOK_AT,
			param_curve =
			{
				CLSID = "FreeFormPCurve",
				points =
				{
					{  0.000000,  0.000000,  0.000000,  0.000000 },
					{  1.000000,  1.000000,  0.000000,  0.000000 },
				}
			},
			pcurve_period = -1000
		}
	},

	{
		10.000, START_PATH_ANIMATION, { "ageira_2", "path_ageira" },
		{
			duration = 90.000,
			start_percent = 0,
			stop_percent = 1,
			offset = { 75, 0, 0 },
			up = Y_AXIS,
			front = NEG_Z_AXIS,
			flags = POSITION + ORIENTATION + LOOK_AT,
			param_curve =
			{
				CLSID = "FreeFormPCurve",
				points =
				{
					{  0.000000,  0.000000,  0.000000,  0.000000 },
					{  1.000000,  1.000000,  0.000000,  0.000000 },
				}
			},
			pcurve_period = -1000
		}
	},

	{
		10.000, START_PSYS, { "FX_ageira_1_engine_1" },
		{
			duration = 2400.000
		}
	},

	{
		10.000, ATTACH_ENTITY, { "FX_ageira_1_engine_1", "ageira_1" },
		{
			duration = 2400.000,
			offset = { 0, 0, 0 },
			up = Y_AXIS,
			front = NEG_Z_AXIS,
			target_part = "hpengine01",
			target_type = HARDPOINT,
			flags = POSITION + ORIENTATION + LOOK_AT
		}
	},

	{
		10.000, START_PSYS_PROP_ANIM, { "FX_ageira_1_engine_1" },
		{
			duration = 2400.000,
			psysprops =
			{
				sparam = 1
			},
			param_curve =
			{
				CLSID = "FreeFormPCurve",
				points =
				{
					{  0.000000,  0.794872,  0.000000,  0.000000 },
					{  1.000000,  0.794872,  0.000000,  0.000000 },
				}
			},
			pcurve_period = -1000
		}
	},

	{
		10.000, START_PSYS, { "FX_ageira_1_engine_2" },
		{
			duration = 2400.000
		}
	},

	{
		10.000, ATTACH_ENTITY, { "FX_ageira_1_engine_2", "ageira_1" },
		{
			duration = 2400.000,
			offset = { 0, 0, 0 },
			up = Y_AXIS,
			front = NEG_Z_AXIS,
			target_part = "hpengine03",
			target_type = HARDPOINT,
			flags = POSITION + ORIENTATION + LOOK_AT
		}
	},

	{
		10.000, START_PSYS_PROP_ANIM, { "FX_ageira_1_engine_2" },
		{
			duration = 2400.000,
			psysprops =
			{
				sparam = 1
			},
			param_curve =
			{
				CLSID = "FreeFormPCurve",
				points =
				{
					{  0.000000,  0.794872,  0.000000,  0.000000 },
					{  1.000000,  0.794872,  0.000000,  0.000000 },
				}
			},
			pcurve_period = -1000
		}
	},

	{
		10.000, START_PSYS, { "FX_ageira_1_engine_3" },
		{
			duration = 2400.000
		}
	},

	{
		10.000, ATTACH_ENTITY, { "FX_ageira_1_engine_3", "ageira_1" },
		{
			duration = 2400.000,
			offset = { 0, 0, 0 },
			up = Y_AXIS,
			front = NEG_Z_AXIS,
			target_part = "hpengine05",
			target_type = HARDPOINT,
			flags = POSITION + ORIENTATION + LOOK_AT
		}
	},

	{
		10.000, START_PSYS_PROP_ANIM, { "FX_ageira_1_engine_3" },
		{
			duration = 2400.000,
			psysprops =
			{
				sparam = 1
			},
			param_curve =
			{
				CLSID = "FreeFormPCurve",
				points =
				{
					{  0.000000,  0.794872,  0.000000,  0.000000 },
					{  1.000000,  0.794872,  0.000000,  0.000000 },
				}
			},
			pcurve_period = -1000
		}
	},

	{
		10.000, START_PSYS, { "FX_ageira_1_engine_4" },
		{
			duration = 2400.000
		}
	},

	{
		10.000, ATTACH_ENTITY, { "FX_ageira_1_engine_4", "ageira_1" },
		{
			duration = 2400.000,
			offset = { 0, 0, 0 },
			up = Y_AXIS,
			front = NEG_Z_AXIS,
			target_part = "hpengine07",
			target_type = HARDPOINT,
			flags = POSITION + ORIENTATION + LOOK_AT
		}
	},

	{
		10.000, START_PSYS_PROP_ANIM, { "FX_ageira_1_engine_4" },
		{
			duration = 2400.000,
			psysprops =
			{
				sparam = 1
			},
			param_curve =
			{
				CLSID = "FreeFormPCurve",
				points =
				{
					{  0.000000,  0.794872,  0.000000,  0.000000 },
					{  1.000000,  0.794872,  0.000000,  0.000000 },
				}
			},
			pcurve_period = -1000
		}
	},

	{
		10.000, START_PSYS, { "FX_ageira_2_engine_1" },
		{
			duration = 2400.000
		}
	},

	{
		10.000, ATTACH_ENTITY, { "FX_ageira_2_engine_1", "ageira_2" },
		{
			duration = 2400.000,
			offset = { 0, 0, 0 },
			up = Y_AXIS,
			front = NEG_Z_AXIS,
			target_part = "hpengine01",
			target_type = HARDPOINT,
			flags = POSITION + ORIENTATION + LOOK_AT
		}
	},

	{
		10.000, START_PSYS_PROP_ANIM, { "FX_ageira_2_engine_1" },
		{
			duration = 2400.000,
			psysprops =
			{
				sparam = 1
			},
			param_curve =
			{
				CLSID = "FreeFormPCurve",
				points =
				{
					{  0.000000,  0.794872,  0.000000,  0.000000 },
					{  1.000000,  0.794872,  0.000000,  0.000000 },
				}
			},
			pcurve_period = -1000
		}
	},

	{
		10.000, START_PSYS, { "FX_ageira_2_engine_2" },
		{
			duration = 2400.000
		}
	},

	{
		10.000, ATTACH_ENTITY, { "FX_ageira_2_engine_2", "ageira_2" },
		{
			duration = 2400.000,
			offset = { 0, 0, 0 },
			up = Y_AXIS,
			front = NEG_Z_AXIS,
			target_part = "hpengine03",
			target_type = HARDPOINT,
			flags = POSITION + ORIENTATION + LOOK_AT
		}
	},

	{
		10.000, START_PSYS_PROP_ANIM, { "FX_ageira_2_engine_2" },
		{
			duration = 2400.000,
			psysprops =
			{
				sparam = 1
			},
			param_curve =
			{
				CLSID = "FreeFormPCurve",
				points =
				{
					{  0.000000,  0.794872,  0.000000,  0.000000 },
					{  1.000000,  0.794872,  0.000000,  0.000000 },
				}
			},
			pcurve_period = -1000
		}
	},

	{
		10.000, START_PSYS, { "FX_ageira_2_engine_3" },
		{
			duration = 2400.000
		}
	},

	{
		10.000, ATTACH_ENTITY, { "FX_ageira_2_engine_3", "ageira_2" },
		{
			duration = 2400.000,
			offset = { 0, 0, 0 },
			up = Y_AXIS,
			front = NEG_Z_AXIS,
			target_part = "hpengine05",
			target_type = HARDPOINT,
			flags = POSITION + ORIENTATION + LOOK_AT
		}
	},

	{
		10.000, START_PSYS_PROP_ANIM, { "FX_ageira_2_engine_3" },
		{
			duration = 2400.000,
			psysprops =
			{
				sparam = 1
			},
			param_curve =
			{
				CLSID = "FreeFormPCurve",
				points =
				{
					{  0.000000,  0.794872,  0.000000,  0.000000 },
					{  1.000000,  0.794872,  0.000000,  0.000000 },
				}
			},
			pcurve_period = -1000
		}
	},

	{
		10.000, START_PSYS, { "FX_ageira_2_engine_4" },
		{
			duration = 2400.000
		}
	},

	{
		10.000, ATTACH_ENTITY, { "FX_ageira_2_engine_4", "ageira_2" },
		{
			duration = 2400.000,
			offset = { 0, 0, 0 },
			up = Y_AXIS,
			front = NEG_Z_AXIS,
			target_part = "hpengine07",
			target_type = HARDPOINT,
			flags = POSITION + ORIENTATION + LOOK_AT
		}
	},

	{
		10.000, START_PSYS_PROP_ANIM, { "FX_ageira_2_engine_4" },
		{
			duration = 2400.000,
			psysprops =
			{
				sparam = 1
			},
			param_curve =
			{
				CLSID = "FreeFormPCurve",
				points =
				{
					{  0.000000,  0.794872,  0.000000,  0.000000 },
					{  1.000000,  0.794872,  0.000000,  0.000000 },
				}
			},
			pcurve_period = -1000
		}
	},

	{
		50.000, START_PATH_ANIMATION, { "labc_1", "path_labc" },
		{
			duration = 60.000,
			start_percent = 0,
			stop_percent = 1,
			offset = { 0, 0, -150 },
			up = Y_AXIS,
			front = NEG_Z_AXIS,
			flags = POSITION + ORIENTATION + LOOK_AT,
			param_curve =
			{
				CLSID = "FreeFormPCurve",
				points =
				{
					{  0.000000,  0.000000,  0.000000,  0.000000 },
					{  1.000000,  1.000000,  0.000000,  0.000000 },
				}
			},
			pcurve_period = -1000
		}
	},

	{
		20.000, START_PSYS, { "labc_1_engine" },
		{
			duration = 120.000
		}
	},

	{
