duration = 40.000;

entities =
{

	{
		entity_name = "intro_dsy_pyres",
		type = SCENE,
		template_name = "",
		lt_grp = 0, srt_grp = 0, usr_flg = 0,
		spatialprops =
		{
			pos = { 0, 0, 0 },
			orient = { { 1, 0, 0 }, { 0, 1, 0 }, { 0, 0, 1 } }
		},
		up = Y_AXIS,
		front = Z_AXIS,
		ambient = { 20, 60, 60 }
	},

	{
		entity_name = "Light_0",
		type = LIGHT,
		template_name = "",
		lt_grp = 0, srt_grp = 0, usr_flg = 0,
		spatialprops =
		{
			pos = { -1000, -15000, 0 },
			orient = { {  0,  0.000000, 1 },
					   {  0.000000,  1.000000,  0.000000 },
					   {  1,  0.000000,  0 } }
		},
		lightprops =
		{
			on = Y,
			color = { 255, 150, 255 },
			diffuse = { 0.9, 0.9, 0.7 },
			specular = { 0, 0, 0 },
			ambient = { 0.23, 0.07, 0.03 },
			direction = { 0, 0, 1 },
			range = 500000,
			cutoff = 98.99998,
			type = L_POINT,
			theta = 90,
			atten = { 1, 0, 0 }
		}
	},
	
	{
		entity_name = "Light_1",
		type = LIGHT,
		template_name = "",
		lt_grp = 1, srt_grp = 0, usr_flg = 0,
		spatialprops =
		{
			pos = { -1000, -25000, -22000 },
			orient = { {  0,  0.000000, 1 },
					   {  0.000000,  1.000000,  0.000000 },
					   {  1,  0.000000,  0 } }
		},
		lightprops =
		{
			on = Y,
			color = { 255, 150, 255 },
			diffuse = { 0.9, 0.9, 0.7 },
			specular = { 0, 0, 0 },
			ambient = { 0, 0, 0 },
			direction = { 0, 0, 1 },
			range = 500000,
			cutoff = 98.99998,
			type = L_POINT,
			theta = 90,
			atten = { 1, 0, 0 }
		}
	},
	
	{
		entity_name = "Camera",
		type = CAMERA,
		template_name = "",
		lt_grp = 0, srt_grp = 0, usr_flg = 0,
		spatialprops =
		{
			pos = { 0, 0, 0 },
			orient = { { 0.0000000, -1.0000000,  0.0000000 }, { 1.0000000, -0.0000000,  0.0000000 }, { 0.0000000,  0.0000000,  1.0000000  } }
		},
		cameraprops =
		{
			fovh = 30,
			hvaspect = 1.333333,
			nearplane = 0.25,
			farplane = 1000000
		}
	},
	
	{
		entity_name = "path_camera",
		type = MOTION_PATH,
		template_name = "",
		lt_grp = 0, srt_grp = 0, usr_flg = 0,
		spatialprops =
		{
			pos = { 0, 0, 0 },
			orient = { { 1, 0, 0 }, { 0, 1, 0 }, { 0, 0, 1 } }
		},
		pathprops =
		{
			path_type = "CV_CROrientationSplinePath",
			path_data = "OPEN, { 0, 0, 0 }, { 1, 0, 0, 0 }, { -500, -50, 0 }, { 1, 0, 0, 0 }, "
		}
	},

	{
		entity_name = "path_icarus",
		type = MOTION_PATH,
		template_name = "",
		lt_grp = 0, srt_grp = 0, usr_flg = 0,
		spatialprops =
		{
			pos = { 0, 0, 0 },
			orient = { { 1, 0, 0 }, { 0, 1, 0 }, { 0, 0, 1 } }
		},
		pathprops =
		{
			path_type = "CV_CROrientationSplinePath",
			path_data = "OPEN, { 0, 0, 0 }, { 1, 0, 0, 0 }, { -500, -50, 0 }, { 1, 0, 0, 0 }, "
		}
	},

	{
		entity_name = "planet_earthgrncld_4000_1",
		type = COMPOUND,
		template_name = "planet_earthgrncld_15000",
		lt_grp = 1, srt_grp = 0, usr_flg = 0,
		flags = LIT_DYNAMIC,
		spatialprops =
		{
			pos = { -1000, 10000, -32000 },
			orient = { { 1, 0, 0 }, { 0, 1, 0 }, { 0, 0, 1 } }
		},
		userprops =
		{
			category = "Solar",
		}
	},

	{
		entity_name = "starsphere_br01_1",
		type = COMPOUND,
		template_name = "starsphere_br01",
		lt_grp = 0, srt_grp = -100, usr_flg = 1,
		flags = LIT_DYNAMIC,
		spatialprops =
		{
			pos = { 0, 0, 0 },
			orient = { { 0.7071068,  0.0000000, -0.7071068 },
					   {  0.0000000,  1.0000000,  0.0000000 },
					   {  0.7071068,  0.0000000,  0.7071068   } }
		},
		userprops =
		{
			category = "Prop",
		}
	},

	{
		entity_name = "starsphere_li01_stars_1",
		type = COMPOUND,
		template_name = "starsphere_li01_stars",
		lt_grp = 0, srt_grp = -100, usr_flg = 1,
		flags = LIT_DYNAMIC,
		spatialprops =
		{
			pos = { 0, 0, 0 },
			orient = { { 0.7071068,  0.0000000, -0.7071068 },
					   {  0.0000000,  1.0000000,  0.0000000 },
					   {  0.7071068,  0.0000000,  0.7071068   } }
		},
		userprops =
		{
			category = "Prop",
		}
	},


	{
		entity_name = "rtc_fadeblack_variable_1",
		type = PSYS,
		template_name = "rtc_fadeblack_variable",
		lt_grp = 0, srt_grp = 0, usr_flg = 0,
		flags = LIT_DYNAMIC + LIT_AMBIENT,
		spatialprops =
		{
			pos = { 0, 0, 0 },
			orient = { { 0, 0, 1 }, { 0, 1, 0 }, { -1, 0, 0 } }
		},
		psysprops =
		{
			sparam = 0
		}
	},

	{
		entity_name = "rtc_fadeblack_variable_2",
		type = PSYS,
		template_name = "rtc_fadeblack_variable",
		lt_grp = 0, srt_grp = 0, usr_flg = 0,
		flags = LIT_DYNAMIC + LIT_AMBIENT,
		spatialprops =
		{
			pos = { 0, 0, 0 },
			orient = { { 0, 0, 1 }, { 0, 1, 0 }, { -1, 0, 0 } }
		},
		psysprops =
		{
			sparam = 0
		}
	},

	{
		entity_name = "touristdust_sienna_1",
		type = PSYS,
		template_name = "touristdust_sienna",
		lt_grp = 0, srt_grp = 0, usr_flg = 0,
		flags = LIT_DYNAMIC + LIT_AMBIENT,
		spatialprops =
		{
			pos = { 0, 0, 0 },
			orient = { { 1, 0, 0 }, { 0, 1, 0 }, { 0, 0, 1 } }
		},
		psysprops =
		{
			sparam = 0
		}
	},

	{
		entity_name = "Monitor_2",
		type = MONITOR,
		template_name = "",
		lt_grp = 0, srt_grp = 0, usr_flg = 0
	},

	{
		entity_name = "bretbong",
		type = COMPOUND,
		template_name = "dsy_br_battleship",
		lt_grp = 0, srt_grp = 0, usr_flg = 0,
		flags = LIT_DYNAMIC,
		spatialprops =
		{
			pos = { -1050, -2000, -5600 },
			orient = { { 0, 0, 1 }, { 0, 1, 0 }, { -1, 0, 0 } }
		},
		userprops =
		{
			category = "Spaceship",
		}
	},
	
	{
		entity_name = "bretbong2",
		type = COMPOUND,
		template_name = "dsy_br_carrier",
		lt_grp = 0, srt_grp = 0, usr_flg = 0,
		flags = LIT_DYNAMIC,
		spatialprops =
		{
			pos = { -2550, 400, -17600 },
			orient = { { 0, 0, 1 }, { 0, 1, 0 }, { -1, 0, 0 } }
		},
		userprops =
		{
			category = "Spaceship",
		}
	},
	
	{
		entity_name = "lolberty",
		type = COMPOUND,
		template_name = "dsy_li_dreadnought",
		lt_grp = 0, srt_grp = 0, usr_flg = 0,
		flags = LIT_DYNAMIC,
		spatialprops =
		{
			pos = { -50, 200, -2600 },
			orient = { { 0, 0, 1 }, { 0, 1, 0 }, { -1, 0, 0 } }
		},
		userprops =
		{
			category = "Spaceship",
		}
	},
	
	{
		entity_name = "heavymortar",
		type = PSYS,
		template_name = "dsy_hmortar02_drive",
		lt_grp = 0, srt_grp = 0, usr_flg = 0,
		flags = LIT_DYNAMIC + LIT_AMBIENT,
		spatialprops =
		{
			pos = { 0, 50000, 0 },
			orient = { { 1, 0, 0 }, { 0, 1, 0 }, { 0, 0, 1 } }
		},
		psysprops =
		{
			sparam = 0
		}
	},

	{
		entity_name = "path_heavymortar",
		type = MOTION_PATH,
		template_name = "",
		lt_grp = 0, srt_grp = 0, usr_flg = 0,
		spatialprops =
		{
			pos = { 0, 0, 0 },
			orient = { { 1.0000000,  0.0000000,  0.0000000 }, { 0.0000000, -0.0871557,  0.9961947 }, { 0.0000000, -0.9961947, -0.0871557 } }
		},
		pathprops =
		{
			path_type = "CV_CROrientationSplinePath",
			path_data = "OPEN, { 0, 0, 0 }, { 1, 0, 0, 0 }, { 0, 2162, 0 }, { 1, 0, 0, 0 }, "
		}
	},

	{
		entity_name = "heavymortar_impact",
		type = PSYS,
		template_name = "dsy_hmortar02_bigexp",
		lt_grp = 0, srt_grp = 0, usr_flg = 0,
		flags = LIT_DYNAMIC + LIT_AMBIENT,
		spatialprops =
		{
			pos = { 0, 0, 0 },
			orient = { { 1, 0, 0 }, { 0, 1, 0 }, { 0, 0, 1 } }
		},
		psysprops =
		{
			sparam = 0
		}
	},

	{
		entity_name = "solaris_li_1",
		type = PSYS,
		template_name = "dsy_constantfire_sol_proj",
		lt_grp = 0, srt_grp = 0, usr_flg = 0,
		flags = LIT_DYNAMIC + LIT_AMBIENT,
		spatialprops =
		{
			pos = { 0, 50000, 0 },
			orient = { { -1.0000000,  0.0000000,  0.0000000 }, { 0.0000000,  0.9961947,  0.0871557 }, { 0.0000000,  0.0871557, -0.9961947 } }
		},
		psysprops =
		{
			sparam = 0
		}
	},
	
	{
		entity_name = "solaris_li_2",
		type = PSYS,
		template_name = "dsy_constantfire_sol_proj",
		lt_grp = 0, srt_grp = 0, usr_flg = 0,
		flags = LIT_DYNAMIC + LIT_AMBIENT,
		spatialprops =
		{
			pos = { 0, 50000, 0 },
			orient = { { -1.0000000,  0.0000000,  0.0000000 }, { 0.0000000,  0.9961947,  0.0871557 }, { 0.0000000,  0.0871557, -0.9961947 } }
		},
		psysprops =
		{
			sparam = 0
		}
	},

	{
		entity_name = "solaris_li_3",
		type = PSYS,
		template_name = "dsy_constantfire_sol_proj",
		lt_grp = 0, srt_grp = 0, usr_flg = 0,
		flags = LIT_DYNAMIC + LIT_AMBIENT,
		spatialprops =
		{
			pos = { 0, 50000, 0 },
			orient = { { 1.0000000,  0.0000000,  0.0000000 }, { 0.0000000,  0.9925461,  0.1218693 }, { 0.0000000,  0.1218693, -0.9925461 } }
		},
		psysprops =
		{
			sparam = 0
		}
	},
	
	{
		entity_name = "solaris_ga_1",
		type = PSYS,
		template_name = "dsy_constantfire_sol_proj",
		lt_grp = 0, srt_grp = 0, usr_flg = 0,
		flags = LIT_DYNAMIC + LIT_AMBIENT,
		spatialprops =
		{
			pos = { 0, 50000, 0 },
			orient = { { 1.0000000,  0.0000000,  0.0000000 }, { 0.0000000,  0.9940563,  0.1088669 }, { 0.0000000, -0.1088669,  0.9940563 } }
		},
		psysprops =
		{
			sparam = 0
		}
	},
	
	{
		entity_name = "solaris_ga_2",
		type = PSYS,
		template_name = "dsy_constantfire_sol_proj",
		lt_grp = 0, srt_grp = 0, usr_flg = 0,
		flags = LIT_DYNAMIC + LIT_AMBIENT,
		spatialprops =
		{
			pos = { 0, 50000, 0 },
			orient = { { 1.0000000,  0.0000000,  0.0000000 }, { 0.0000000,  0.9940563,  0.1088669 }, { 0.0000000, -0.1088669,  0.9940563 } }
		},
		psysprops =
		{
			sparam = 0
		}
	},
	
	{
		entity_name = "heavytreb",
		type = PSYS,
		template_name = "dsy_htrebuchet02_drive",
		lt_grp = 0, srt_grp = 0, usr_flg = 0,
		flags = LIT_DYNAMIC + LIT_AMBIENT,
		spatialprops =
		{
			pos = { 0, 50000, 0 },
			orient = { { 1, 0, 0 }, { 0, 1, 0 }, { 0, 0, 1 } }
		},
		psysprops =
		{
			sparam = 0
		}
	},

	{
		entity_name = "path_heavytreb",
		type = MOTION_PATH,
		template_name = "",
		lt_grp = 0, srt_grp = 0, usr_flg = 0,
		spatialprops =
		{
			pos = { 0, 0, 0 },
			orient = { { 1.0000000,  0.0000000,  0.0000000 }, { 0.0000000, -0.0871557,  0.9961947 }, { 0.0000000, -0.9961947, -0.0871557 } }
		},
		pathprops =
		{
			path_type = "CV_CROrientationSplinePath",
			path_data = "OPEN, { 0, 1961, 0 }, { 1, 0, 0, 0 }, { 0, 0, 0 }, { 1, 0, 0, 0 }, "
		}
	},

	{
		entity_name = "heavytreb_impact",
		type = PSYS,
		template_name = "dsy_htrebuchet02_bigexp",
		lt_grp = 0, srt_grp = 0, usr_flg = 0,
		flags = LIT_DYNAMIC + LIT_AMBIENT,
		spatialprops =
		{
			pos = { 0, 0, 0 },
			orient = { { 1, 0, 0 }, { 0, 1, 0 }, { 0, 0, 1 } }
		},
		psysprops =
		{
			sparam = 0
		}
	},

	{
		entity_name = "valeur_smoke_1",
		type = PSYS,
		template_name = "gf_derelict2_smallfires",
		lt_grp = 0, srt_grp = 0, usr_flg = 0,
		flags = LIT_DYNAMIC + LIT_AMBIENT,
		spatialprops =
		{
			pos = { 0, 50000, 0 },
			orient = { { 1.0000000,  0.0000000,  0.0000000 }, { 0.0000000,  0.9940563,  0.1088669 }, { 0.0000000, -0.1088669,  0.9940563 } }
		},
		psysprops =
		{
			sparam = 0
		}
	},
	
	{
		entity_name = "valeur_smoke_2",
		type = PSYS,
		template_name = "gf_prisonattack_additive_smallsmoke",
		lt_grp = 0, srt_grp = 0, usr_flg = 0,
		flags = LIT_DYNAMIC + LIT_AMBIENT,
		spatialprops =
		{
			pos = { 0, 50000, 0 },
			orient = { { 1.0000000,  0.0000000,  0.0000000 }, { 0.0000000,  0.9940563,  0.1088669 }, { 0.0000000, -0.1088669,  0.9940563 } }
		},
		psysprops =
		{
			sparam = 0
		}
	},
	
	{
		entity_name = "valeur_smoke_3",
		type = PSYS,
		template_name = "gf_prisonattack_additive_smallsmoke",
		lt_grp = 0, srt_grp = 0, usr_flg = 0,
		flags = LIT_DYNAMIC + LIT_AMBIENT,
		spatialprops =
		{
			pos = { 0, 50000, 0 },
			orient = { { 1.0000000,  0.0000000,  0.0000000 }, { 0.0000000,  0.9940563,  0.1088669 }, { 0.0000000, -0.1088669,  0.9940563 } }
		},
		psysprops =
		{
			sparam = 0
		}
	},
	
	{
		entity_name = "lolberty_smoke1",
		type = PSYS,
		template_name = "gf_prisonattack_additive_smallsmoke",
		lt_grp = 0, srt_grp = 0, usr_flg = 0,
		flags = LIT_DYNAMIC + LIT_AMBIENT,
		spatialprops =
		{
			pos = { 0, 50000, 0 },
			orient = { { 1.0000000,  0.0000000,  0.0000000 }, { 0.0000000,  0.9940563,  0.1088669 }, { 0.0000000, -0.1088669,  0.9940563 } }
		},
		psysprops =
		{
			sparam = 0
		}
	},
	
	{
		entity_name = "lolberty_smoke2",
		type = PSYS,
		template_name = "gf_prisonattack_bigsmoke",
		lt_grp = 0, srt_grp = 0, usr_flg = 0,
		flags = LIT_DYNAMIC + LIT_AMBIENT,
		spatialprops =
		{
			pos = { 0, 50000, 0 },
			orient = { { 1.0000000,  0.0000000,  0.0000000 }, { 0.0000000,  0.9940563,  0.1088669 }, { 0.0000000, -0.1088669,  0.9940563 } }
		},
		psysprops =
		{
			sparam = 0
		}
	},
	
	{
		entity_name = "lolberty_smoke3",
		type = PSYS,
		template_name = "gf_prisonattack_additive_bigsmoke",
		lt_grp = 0, srt_grp = 0, usr_flg = 0,
		flags = LIT_DYNAMIC + LIT_AMBIENT,
		spatialprops =
		{
			pos = { 0, 50000, 0 },
			orient = { { 1.0000000,  0.0000000,  0.0000000 }, { 0.0000000,  0.9940563,  0.1088669 }, { 0.0000000, -0.1088669,  0.9940563 } }
		},
		psysprops =
		{
			sparam = 0
		}
	},
	
	{
		entity_name = "lolberty_smoke4",
		type = PSYS,
		template_name = "gf_prisonattack_additive_smallsmoke",
		lt_grp = 0, srt_grp = 0, usr_flg = 0,
		flags = LIT_DYNAMIC + LIT_AMBIENT,
		spatialprops =
		{
			pos = { 0, 50000, 0 },
			orient = { { 1.0000000,  0.0000000,  0.0000000 }, { 0.0000000,  0.9940563,  0.1088669 }, { 0.0000000, -0.1088669,  0.9940563 } }
		},
		psysprops =
		{
			sparam = 0
		}
	},
	
	{
		entity_name = "obby_smoke1",
		type = PSYS,
		template_name = "rtc_leeds_burning_small",
		lt_grp = 0, srt_grp = 0, usr_flg = 0,
		flags = LIT_DYNAMIC + LIT_AMBIENT,
		spatialprops =
		{
			pos = { 0, 50000, 0 },
			orient = { { 1.0000000,  0.0000000,  0.0000000 }, { 0.0000000,  0.9940563,  0.1088669 }, { 0.0000000, -0.1088669,  0.9940563 } }
		},
		psysprops =
		{
			sparam = 0
		}
	},
	
	{
		entity_name = "obby_smoke2",
		type = PSYS,
		template_name = "rtc_leeds_burning_small",
		lt_grp = 0, srt_grp = 0, usr_flg = 0,
		flags = LIT_DYNAMIC + LIT_AMBIENT,
		spatialprops =
		{
			pos = { 0, 50000, 0 },
			orient = { { 1.0000000,  0.0000000,  0.0000000 }, { 0.0000000,  0.9940563,  0.1088669 }, { 0.0000000, -0.1088669,  0.9940563 } }
		},
		psysprops =
		{
			sparam = 0
		}
	},
	
	{
		entity_name = "boomboom_1",
		type = PSYS,
		template_name = "gf_explosion_ku_cruiser_smallexp",
		lt_grp = 0, srt_grp = 0, usr_flg = 0,
		flags = LIT_DYNAMIC + LIT_AMBIENT,
		spatialprops =
		{
			pos = { 0, 50000, 0 },
			orient = { { 1.0000000,  0.0000000,  0.0000000 }, { 0.0000000,  0.9940563,  0.1088669 }, { 0.0000000, -0.1088669,  0.9940563 } }
		},
		psysprops =
		{
			sparam = 0
		}
	},
	
	{
		entity_name = "boomboom_2",
		type = PSYS,
		template_name = "gf_explosion_ku_cruiser_bigexp",
		lt_grp = 0, srt_grp = 0, usr_flg = 0,
		flags = LIT_DYNAMIC + LIT_AMBIENT,
		spatialprops =
		{
			pos = { 0, 50000, 0 },
			orient = { { 1.0000000,  0.0000000,  0.0000000 }, { 0.0000000,  0.9940563,  0.1088669 }, { 0.0000000, -0.1088669,  0.9940563 } }
		},
		psysprops =
		{
			sparam = 0
		}
	},
	
	{
		entity_name = "boomboom_3",
		type = PSYS,
		template_name = "gf_explosion_ku_cruiser_flashbang",
		lt_grp = 0, srt_grp = 0, usr_flg = 0,
		flags = LIT_DYNAMIC + LIT_AMBIENT,
		spatialprops =
		{
			pos = { 0, 50000, 0 },
			orient = { { 1.0000000,  0.0000000,  0.0000000 }, { 0.0000000,  0.9940563,  0.1088669 }, { 0.0000000, -0.1088669,  0.9940563 } }
		},
		psysprops =
		{
			sparam = 0
		}
	},
	
	{
		entity_name = "boomboom_4",
		type = PSYS,
		template_name = "gf_explosion_ku_battleship_smallexp",
		lt_grp = 0, srt_grp = 0, usr_flg = 0,
		flags = LIT_DYNAMIC + LIT_AMBIENT,
		spatialprops =
		{
			pos = { 0, 50000, 0 },
			orient = { { 1.0000000,  0.0000000,  0.0000000 }, { 0.0000000,  0.9940563,  0.1088669 }, { 0.0000000, -0.1088669,  0.9940563 } }
		},
		psysprops =
		{
			sparam = 0
		}
	},
	
	{
		entity_name = "boomboom_5",
		type = PSYS,
		template_name = "gf_explosion_ku_battleship_flashbang",
		lt_grp = 0, srt_grp = 0, usr_flg = 0,
		flags = LIT_DYNAMIC + LIT_AMBIENT,
		spatialprops =
		{
			pos = { 0, 50000, 0 },
			orient = { { 1.0000000,  0.0000000,  0.0000000 }, { 0.0000000,  0.9940563,  0.1088669 }, { 0.0000000, -0.1088669,  0.9940563 } }
		},
		psysprops =
		{
			sparam = 0
		}
	},
	
	{
		entity_name = "boomboom_6",
		type = PSYS,
		template_name = "gf_explosion_ku_cruiser_smallexp",
		lt_grp = 0, srt_grp = 0, usr_flg = 0,
		flags = LIT_DYNAMIC + LIT_AMBIENT,
		spatialprops =
		{
			pos = { 0, 50000, 0 },
			orient = { { 1.0000000,  0.0000000,  0.0000000 }, { 0.0000000,  0.9940563,  0.1088669 }, { 0.0000000, -0.1088669,  0.9940563 } }
		},
		psysprops =
		{
			sparam = 0
		}
	},
	
	{
		entity_name = "boomboom_7",
		type = PSYS,
		template_name = "gf_explosion_ku_cruiser_bigexp",
		lt_grp = 0, srt_grp = 0, usr_flg = 0,
		flags = LIT_DYNAMIC + LIT_AMBIENT,
		spatialprops =
		{
			pos = { 0, 50000, 0 },
			orient = { { 1.0000000,  0.0000000,  0.0000000 }, { 0.0000000,  0.9940563,  0.1088669 }, { 0.0000000, -0.1088669,  0.9940563 } }
		},
		psysprops =
		{
			sparam = 0
		}
	},
	
	{
		entity_name = "boomboom_8",
		type = PSYS,
		template_name = "gf_explosion_ku_cruiser_flashbang",
		lt_grp = 0, srt_grp = 0, usr_flg = 0,
		flags = LIT_DYNAMIC + LIT_AMBIENT,
		spatialprops =
		{
			pos = { 0, 50000, 0 },
			orient = { { 1.0000000,  0.0000000,  0.0000000 }, { 0.0000000,  0.9940563,  0.1088669 }, { 0.0000000, -0.1088669,  0.9940563 } }
		},
		psysprops =
		{
			sparam = 0
		}
	},
	
	{
		entity_name = "boomboom_9",
		type = PSYS,
		template_name = "gf_explosion_ku_battleship_smallexp",
		lt_grp = 0, srt_grp = 0, usr_flg = 0,
		flags = LIT_DYNAMIC + LIT_AMBIENT,
		spatialprops =
		{
			pos = { 0, 50000, 0 },
			orient = { { 1.0000000,  0.0000000,  0.0000000 }, { 0.0000000,  0.9940563,  0.1088669 }, { 0.0000000, -0.1088669,  0.9940563 } }
		},
		psysprops =
		{
			sparam = 0
		}
	},
	
	{
		entity_name = "boomboom_10",
		type = PSYS,
		template_name = "gf_explosion_ku_battleship_flashbang",
		lt_grp = 0, srt_grp = 0, usr_flg = 0,
		flags = LIT_DYNAMIC + LIT_AMBIENT,
		spatialprops =
		{
			pos = { 0, 50000, 0 },
			orient = { { 1.0000000,  0.0000000,  0.0000000 }, { 0.0000000,  0.9940563,  0.1088669 }, { 0.0000000, -0.1088669,  0.9940563 } }
		},
		psysprops =
		{
			sparam = 0
		}
	},
	
	{
		entity_name = "libcruise1",
		type = COMPOUND,
		template_name = "dsy_li_cruiser",
		lt_grp = 0, srt_grp = 0, usr_flg = 0,
		flags = LIT_DYNAMIC,
		spatialprops =
		{
			pos = { -950, 0, -2600 },
			orient = { { -0.5000000,  0.0000000,  0.86602545000000 }, { 0, 1, 0 }, { -0.8660254,  0.0000000, -0.5000000 } }
		},
		userprops =
		{
			category = "Spaceship",
		}
	},

	{
		entity_name = "path_fwg1",
		type = MOTION_PATH,
		template_name = "",
		lt_grp = 0, srt_grp = 0, usr_flg = 0,
		spatialprops =
		{
			pos = { 0, 0, 0 },
			orient = { { 1, 0, 0 }, { 0, 1, 0 }, { 0, 0, 1 } }
		},
		pathprops =
		{
			path_type = "CV_CROrientationSplinePath",
			path_data = "OPEN, { 0, 0, 0 }, { 1, 0, 0, 0 }, { 0, 0, -800 }, { 1, 0, 0, 0 }, "
		}
	},

	{
		entity_name = "li_cruiser_maingun_1a",
		type = PSYS,
		template_name = "li_cruiser_maingun",
		lt_grp = 0, srt_grp = 0, usr_flg = 0,
		flags = LIT_DYNAMIC + LIT_AMBIENT,
		spatialprops =
		{
			pos = { 0, 0, 0 },
			orient = { { 1, 0, 0 }, { 0, 1, 0 }, { 0, 0, 1 } }
		},
		psysprops =
		{
			sparam = 0
		}
	},

	{
		entity_name = "li_cruiser_maingun_1b",
		type = PSYS,
		template_name = "li_cruiser_maingun",
		lt_grp = 0, srt_grp = 0, usr_flg = 0,
		flags = LIT_DYNAMIC + LIT_AMBIENT,
		spatialprops =
		{
			pos = { 0, 0, 0 },
			orient = { { 1, 0, 0 }, { 0, 1, 0 }, { 0, 0, 1 } }
		},
		psysprops =
		{
			sparam = 0
		}
	},

	{
		entity_name = "li_cruiser_maingun_1c",
		type = PSYS,
		template_name = "li_cruiser_maingun",
		lt_grp = 0, srt_grp = 0, usr_flg = 0,
		flags = LIT_DYNAMIC + LIT_AMBIENT,
		spatialprops =
		{
			pos = { 0, 0, 0 },
			orient = { { 1, 0, 0 }, { 0, 1, 0 }, { 0, 0, 1 } }
		},
		psysprops =
		{
			sparam = 0
		}
	},

	{
		entity_name = "li_cruiser_maingun_1d",
		type = PSYS,
		template_name = "li_cruiser_maingun",
		lt_grp = 0, srt_grp = 0, usr_flg = 0,
		flags = LIT_DYNAMIC + LIT_AMBIENT,
		spatialprops =
		{
			pos = { 0, 0, 0 },
			orient = { { 1, 0, 0 }, { 0, 1, 0 }, { 0, 0, 1 } }
		},
		psysprops =
		{
			sparam = 0
		}
	},

	{
		entity_name = "li_cruiser_maingun_1e",
		type = PSYS,
		template_name = "li_cruiser_maingun",
		lt_grp = 0, srt_grp = 0, usr_flg = 0,
		flags = LIT_DYNAMIC + LIT_AMBIENT,
		spatialprops =
		{
			pos = { 0, 0, 0 },
			orient = { { 1, 0, 0 }, { 0, 1, 0 }, { 0, 0, 1 } }
		},
		psysprops =
		{
			sparam = 0
		}
	},

	{
		entity_name = "li_cruiser_maingun_1f",
		type = PSYS,
		template_name = "li_cruiser_maingun",
		lt_grp = 0, srt_grp = 0, usr_flg = 0,
		flags = LIT_DYNAMIC + LIT_AMBIENT,
		spatialprops =
		{
			pos = { 0, 0, 0 },
			orient = { { 1, 0, 0 }, { 0, 1, 0 }, { 0, 0, 1 } }
		},
		psysprops =
		{
			sparam = 0
		}
	},

	{
		entity_name = "li_cruiser_maingun_1g",
		type = PSYS,
		template_name = "li_cruiser_maingun",
		lt_grp = 0, srt_grp = 0, usr_flg = 0,
		flags = LIT_DYNAMIC + LIT_AMBIENT,
		spatialprops =
		{
			pos = { 0, 0, 0 },
			orient = { { 1, 0, 0 }, { 0, 1, 0 }, { 0, 0, 1 } }
		},
		psysprops =
		{
			sparam = 0
		}
	},

	{
		entity_name = "li_cruiser_impact_1a",
		type = PSYS,
		template_name = "starlance_impact",
		lt_grp = 0, srt_grp = 0, usr_flg = 0,
		flags = LIT_DYNAMIC + LIT_AMBIENT,
		spatialprops =
		{
			pos = { 0, 0, 0 },
			orient = { { 1, 0, 0 }, { 0, 1, 0 }, { 0, 0, 1 } }
		},
		psysprops =
		{
			sparam = 0
		}
	},

	{
		entity_name = "li_cruiser_impact_1b",
		type = PSYS,
		template_name = "starlance_impact",
		lt_grp = 0, srt_grp = 0, usr_flg = 0,
		flags = LIT_DYNAMIC + LIT_AMBIENT,
		spatialprops =
		{
			pos = { 0, 0, 0 },
			orient = { { 1, 0, 0 }, { 0, 1, 0 }, { 0, 0, 1 } }
		},
		psysprops =
		{
			sparam = 0
		}
	},

	{
		entity_name = "li_cruiser_impact_1c",
		type = PSYS,
		template_name = "starlance_impact",
		lt_grp = 0, srt_grp = 0, usr_flg = 0,
		flags = LIT_DYNAMIC + LIT_AMBIENT,
		spatialprops =
		{
			pos = { 0, 0, 0 },
			orient = { { 1, 0, 0 }, { 0, 1, 0 }, { 0, 0, 1 } }
		},
		psysprops =
		{
			sparam = 0
		}
	},

	{
		entity_name = "li_cruiser_impact_1d",
		type = PSYS,
		template_name = "starlance_impact",
		lt_grp = 0, srt_grp = 0, usr_flg = 0,
		flags = LIT_DYNAMIC + LIT_AMBIENT,
		spatialprops =
		{
			pos = { 0, 0, 0 },
			orient = { { 1, 0, 0 }, { 0, 1, 0 }, { 0, 0, 1 } }
		},
		psysprops =
		{
			sparam = 0
		}
	},

	{
		entity_name = "li_cruiser_impact_1e",
		type = PSYS,
		template_name = "starlance_impact",
		lt_grp = 0, srt_grp = 0, usr_flg = 0,
		flags = LIT_DYNAMIC + LIT_AMBIENT,
		spatialprops =
		{
			pos = { 0, 0, 0 },
			orient = { { 1, 0, 0 }, { 0, 1, 0 }, { 0, 0, 1 } }
		},
		psysprops =
		{
			sparam = 0
		}
	},

	{
		entity_name = "li_cruiser_impact_1f",
		type = PSYS,
		template_name = "starlance_impact",
		lt_grp = 0, srt_grp = 0, usr_flg = 0,
		flags = LIT_DYNAMIC + LIT_AMBIENT,
		spatialprops =
		{
			pos = { 0, 0, 0 },
			orient = { { 1, 0, 0 }, { 0, 1, 0 }, { 0, 0, 1 } }
		},
		psysprops =
		{
			sparam = 0
		}
	},

	{
		entity_name = "li_cruiser_impact_1g",
		type = PSYS,
		template_name = "starlance_impact",
		lt_grp = 0, srt_grp = 0, usr_flg = 0,
		flags = LIT_DYNAMIC + LIT_AMBIENT,
		spatialprops =
		{
			pos = { 0, 0, 0 },
			orient = { { 1, 0, 0 }, { 0, 1, 0 }, { 0, 0, 1 } }
		},
		psysprops =
		{
			sparam = 0
		}
	},

	{
		entity_name = "li_cruiser_impact_1h",
		type = PSYS,
		template_name = "starlance_impact",
		lt_grp = 0, srt_grp = 0, usr_flg = 0,
		flags = LIT_DYNAMIC + LIT_AMBIENT,
		spatialprops =
		{
			pos = { 0, 0, 0 },
			orient = { { 1, 0, 0 }, { 0, 1, 0 }, { 0, 0, 1 } }
		},
		psysprops =
		{
			sparam = 0
		}
	},

	{
		entity_name = "creccie",
		type = COMPOUND,
		template_name = "dsy_br_destroyer",
		lt_grp = 0, srt_grp = 0, usr_flg = 0,
		flags = LIT_DYNAMIC,
		spatialprops =
		{
			pos = { -950, 100, -2800 },
			orient = { { -0.5000000,  0.0000000,  0.86602545000000 }, { 0, 1, 0 }, { -0.8660254,  0.0000000, -0.5000000 } }
		},
		userprops =
		{
			category = "Spaceship",
		}
	},
	
	{
		entity_name = "path_creccie",
		type = MOTION_PATH,
		template_name = "",
		lt_grp = 0, srt_grp = 0, usr_flg = 0,
		spatialprops =
		{
			pos = { -950, 100, -2800 },
			orient = { { 1, 0, 0 }, { 0, 1, 0 }, { 0, 0, 1 } }
		},
		pathprops =
		{
			path_type = "CV_CROrientationSplinePath",
			path_data = "OPEN, { 0, 0, 0 }, { 1, 0, 0, 0 }, { 0, 0, -1600 }, { 1, 0, 0, 0 }, "
		}
	},

	{
		entity_name = "crecciemortar",
		type = PSYS,
		template_name = "dsy_mortar_proj_drive",
		lt_grp = 0, srt_grp = 0, usr_flg = 0,
		flags = LIT_DYNAMIC + LIT_AMBIENT,
		spatialprops =
		{
			pos = { 0, 50000, 0 },
			orient = { { 1, 0, 0 }, { 0, 1, 0 }, { 0, 0, 1 } }
		},
		psysprops =
		{
			sparam = 0
		}
	},

	{
		entity_name = "crecciemortar_impact",
		type = PSYS,
		template_name = "dsy_mortar_mainexpbig",
		lt_grp = 0, srt_grp = 0, usr_flg = 0,
		flags = LIT_DYNAMIC + LIT_AMBIENT,
		spatialprops =
		{
			pos = { 0, 0, 0 },
			orient = { { 1, 0, 0 }, { 0, 1, 0 }, { 0, 0, 1 } }
		},
		psysprops =
		{
			sparam = 0
		}
	},

	{
		entity_name = "path_crecciemortar",
		type = MOTION_PATH,
		template_name = "",
		lt_grp = 0, srt_grp = 0, usr_flg = 0,
		spatialprops =
		{
			pos = { 0, 0, 0 },
			orient = { { 1, 0, 0 }, { 0, 1, 0 }, { 0, 0, 1 } }
		},
		pathprops =
		{
			path_type = "CV_CROrientationSplinePath",
			path_data = "OPEN, { 0, 0, 0 }, { 1, 0, 0, 0 }, { 0, 0, -860 }, { 1, 0, 0, 0 }, "
		}
	},

	{
		entity_name = "path_bretbongmortar",
		type = MOTION_PATH,
		template_name = "",
		lt_grp = 0, srt_grp = 0, usr_flg = 0,
		spatialprops =
		{
			pos = { 0, 0, 0 },
			orient = { { 1, 0, 0 }, { 0, 1, 0 }, { 0, 0, 1 } }
		},
		pathprops =
		{
			path_type = "CV_CROrientationSplinePath",
			path_data = "OPEN, { 0, 0, 0 }, { 1, 0, 0, 0 }, { 0, 0, -2500 }, { 1, 0, 0, 0 }, "
		}
	},

	{
		entity_name = "icarus",
		type = COMPOUND,
		template_name = "dsy_ga_vhf",
		lt_grp = 0, srt_grp = 0, usr_flg = 0,
		flags = LIT_DYNAMIC,
		spatialprops =
		{
			pos = { 0, 0, 0 },
			orient = { { 0.0000000,  1.0000000,  0.0000000 }, { 0.0000000,  0.0000000, 1.0000000 }, { 1.0000000,  0.0000000,  0.0000000 } }
		},
		userprops =
		{
			category = "Spaceship",
			loadout = "ga_n_vhf_hard_l1_d17_d18"
		}
	},
	
	{
		entity_name = "icarus_engine_1",
		type = PSYS,
		template_name = "dsy_ga_hf_smallengine02_fire",
		lt_grp = 0, srt_grp = 0, usr_flg = 0,
		flags = LIT_DYNAMIC + LIT_AMBIENT,
		spatialprops =
		{
			pos = { 0, 0, 0 },
			orient = { { 1, 0, 0 }, { 0, 1, 0 }, { 0, 0, 1 } }
		},
		psysprops =
		{
			sparam = 0
		}
	},

	{
		entity_name = "icarus_engine_2",
		type = PSYS,
		template_name = "dsy_ga_hf_smallengine02_fire",
		lt_grp = 0, srt_grp = 0, usr_flg = 0,
		flags = LIT_DYNAMIC + LIT_AMBIENT,
		spatialprops =
		{
			pos = { 0, 0, 0 },
			orient = { { 1, 0, 0 }, { 0, 1, 0 }, { 0, 0, 1 } }
		},
		psysprops =
		{
			sparam = 0
		}
	},

	{
		entity_name = "icarus_engine_3",
		type = PSYS,
		template_name = "dsy_ga_hf_smallengine02_fire",
		lt_grp = 0, srt_grp = 0, usr_flg = 0,
		flags = LIT_DYNAMIC + LIT_AMBIENT,
		spatialprops =
		{
			pos = { 0, 0, 0 },
			orient = { { 1, 0, 0 }, { 0, 1, 0 }, { 0, 0, 1 } }
		},
		psysprops =
		{
			sparam = 0
		}
	},

	{
		entity_name = "obby_stinate",
		type = COMPOUND,
		template_name = "dsy_gallicc",
		lt_grp = 0, srt_grp = 0, usr_flg = 0,
		flags = LIT_DYNAMIC,
		spatialprops =
		{
			pos = { -200, 0, -2180 },
			orient = { { 0.0000000,  0.0000000, -1.0000000 }, { 0.0000000,  1.0000000,  0.0000000 }, { 1.0000000,  0.0000000, -0.0000000 } }
		},
		userprops =
		{
			category = "Spaceship",
		}
	},
	
	{
		entity_name = "obstinate1",
		type = COMPOUND,
		template_name = "dsy_gallicc",
		lt_grp = 0, srt_grp = 0, usr_flg = 0,
		flags = LIT_DYNAMIC,
		spatialprops =
		{
			pos = { -400, 5000, -14180 },
			orient = { { 0.0000000,  0.0000000, -1.0000000 }, { 0.0000000,  1.0000000,  0.0000000 }, { 1.0000000,  0.0000000, -0.0000000 } }
		},
		userprops =
		{
			category = "Spaceship",
		}
	},
	
	
	{
		entity_name = "obstinate2",
		type = COMPOUND,
		template_name = "dsy_gallicc",
		lt_grp = 0, srt_grp = 0, usr_flg = 0,
		flags = LIT_DYNAMIC,
		spatialprops =
		{
			pos = { 3600, 2000, -13180 },
			orient = { { -1.0000000,  0.0000000,  0.0000000 }, { 0.0000000,  1.0000000,  0.0000000 }, { -0.0000000,  0.0000000, -1.0000000 } }
		},
		userprops =
		{
			category = "Spaceship",
		}
	},
	
	{
		entity_name = "allies1",
		type = COMPOUND,
		template_name = "dsy_assaultfrigate",
		lt_grp = 0, srt_grp = 0, usr_flg = 0,
		flags = LIT_DYNAMIC,
		spatialprops =
		{
			pos = { -1550, -1200, -14000 },
			orient = { { 0.0000000,  0.0000000,  1.00000000000000 }, { 0.0000000,  1.0000000,  0.0000000 }, { -1.0000000,  0.0000000, -0.0000000 } }
		},
		userprops =
		{
			category = "Spaceship",
		}
	},
	
	{
		entity_name = "allies2",
		type = COMPOUND,
		template_name = "dsy_assaultfrigate",
		lt_grp = 0, srt_grp = 0, usr_flg = 0,
		flags = LIT_DYNAMIC,
		spatialprops =
		{
			pos = { -1250, 1000, -17900 },
			orient = { { 0.0000000,  0.0000000,  1.00000000000000 }, { 0.0000000,  1.0000000,  0.0000000 }, { -1.0000000,  0.0000000, -0.0000000 } }
		},
		userprops =
		{
			category = "Spaceship",
		}
	},
	
	{
		entity_name = "allies3",
		type = COMPOUND,
		template_name = "dsy_br_destroyer",
		lt_grp = 0, srt_grp = 0, usr_flg = 0,
		flags = LIT_DYNAMIC,
		spatialprops =
		{
			pos = { -2250, -1000, -10900 },
			orient = { { 0.0000000,  0.0000000,  1.00000000000000 }, { 0.0000000,  1.0000000,  0.0000000 }, { -1.0000000,  0.0000000, -0.0000000 } }
		},
		userprops =
		{
			category = "Spaceship",
		}
	},
	
	{
		entity_name = "allies4",
		type = COMPOUND,
		template_name = "dsy_assaultfrigate",
		lt_grp = 0, srt_grp = 0, usr_flg = 0,
		flags = LIT_DYNAMIC,
		spatialprops =
		{
			pos = { -2250, 1000, -15900 },
			orient = { { 0.0000000,  0.0000000,  1.00000000000000 }, { 0.0000000,  1.0000000,  0.0000000 }, { -1.0000000,  0.0000000, -0.0000000 } }
		},
		userprops =
		{
			category = "Spaceship",
		}
	},
	
	{
		entity_name = "allies5",
		type = COMPOUND,
		template_name = "dsy_li_cruiser",
		lt_grp = 0, srt_grp = 0, usr_flg = 0,
		flags = LIT_DYNAMIC,
		spatialprops =
		{
			pos = { -3750, -3000, -14900 },
			orient = { { 0.0000000,  0.0000000,  1.00000000000000 }, { 0.0000000,  1.0000000,  0.0000000 }, { -1.0000000,  0.0000000, -0.0000000 } }
		},
		userprops =
		{
			category = "Spaceship",
		}
	},
	
	{
		entity_name = "allies6",
		type = COMPOUND,
		template_name = "dsy_bret_carrier_proto",
		lt_grp = 0, srt_grp = 0, usr_flg = 0,
		flags = LIT_DYNAMIC,
		spatialprops =
		{
			pos = { -4750, -4500, -15400 },
			orient = { { 0.0000000,  0.0000000,  1.00000000000000 }, { 0.0000000,  1.0000000,  0.0000000 }, { -1.0000000,  0.0000000, -0.0000000 } }
		},
		userprops =
		{
			category = "Solar",
		}
	},
	
	{
		entity_name = "allies7",
		type = COMPOUND,
		template_name = "dsy_br_destroyer",
		lt_grp = 0, srt_grp = 0, usr_flg = 0,
		flags = LIT_DYNAMIC,
		spatialprops =
		{
			pos = { -5000, -1000, -14000 },
			orient = { { 0.0000000,  0.0000000,  1.00000000000000 }, { 0.0000000,  1.0000000,  0.0000000 }, { -1.0000000,  0.0000000, -0.0000000 } }
		},
		userprops =
		{
			category = "Spaceship",
		}
	},
	
	{
		entity_name = "allies8",
		type = COMPOUND,
		template_name = "dsy_providence",
		lt_grp = 0, srt_grp = 0, usr_flg = 0,
		flags = LIT_DYNAMIC,
		spatialprops =
		{
			pos = { -2250, -3000, -12900 },
			orient = { { 0.0000000,  0.0000000,  1.00000000000000 }, { 0.0000000,  1.0000000,  0.0000000 }, { -1.0000000,  0.0000000, -0.0000000 } }
		},
		userprops =
		{
			category = "Spaceship",
		}
	},
	
	{
		entity_name = "allies9",
		type = COMPOUND,
		template_name = "dsy_li_dreadnought",
		lt_grp = 0, srt_grp = 0, usr_flg = 0,
		flags = LIT_DYNAMIC,
		spatialprops =
		{
			pos = { -750, -7500, -16900 },
			orient = { { 0.0000000,  0.0000000,  1.00000000000000 }, { 0.0000000,  1.0000000,  0.0000000 }, { -1.0000000,  0.0000000, -0.0000000 } }
		},
		userprops =
		{
			category = "Spaceship",
		}
	},
	
	{
		entity_name = "allies10",
		type = COMPOUND,
		template_name = "dsy_assaultfrigate",
		lt_grp = 0, srt_grp = 0, usr_flg = 0,
		flags = LIT_DYNAMIC,
		spatialprops =
		{
			pos = { -3750, -7500, -16900 },
			orient = { { 0.0000000,  0.0000000,  1.00000000000000 }, { 0.0000000,  1.0000000,  0.0000000 }, { -1.0000000,  0.0000000, -0.0000000 } }
		},
		userprops =
		{
			category = "Spaceship",
		}
	},
	
	{
		entity_name = "allies11",
		type = COMPOUND,
		template_name = "li_gunboat",
		lt_grp = 0, srt_grp = 0, usr_flg = 0,
		flags = LIT_DYNAMIC,
		spatialprops =
		{
			pos = { -700, 250, -1800 },
			orient = { { 0.0000000,  0.0000000,  1.00000000000000 }, { 0.0000000,  1.0000000,  0.0000000 }, { -1.0000000,  0.0000000, -0.0000000 } }
		},
		userprops =
		{
			category = "Spaceship",
		}
	},
	
	{
		entity_name = "allies12",
		type = COMPOUND,
		template_name = "dsy_councilc",
		lt_grp = 0, srt_grp = 0, usr_flg = 0,
		flags = LIT_DYNAMIC,
		spatialprops =
		{
			pos = { -2000, 1000, -9600 },
			orient = { { 0.0000000,  0.0000000,  1.00000000000000 }, { 0.0000000,  1.0000000,  0.0000000 }, { -1.0000000,  0.0000000, -0.0000000 } }
		},
		userprops =
		{
			category = "Spaceship",
		}
	},
	
	{
		entity_name = "allies13",
		type = COMPOUND,
		template_name = "dsy_br_battleship",
		lt_grp = 0, srt_grp = 0, usr_flg = 0,
		flags = LIT_DYNAMIC,
		spatialprops =
		{
			pos = { -3500, 2500, -12600 },
			orient = { { 0.0000000,  0.0000000,  1.00000000000000 }, { 0.0000000,  1.0000000,  0.0000000 }, { -1.0000000,  0.0000000, -0.0000000 } }
		},
		userprops =
		{
			category = "Spaceship",
		}
	},
	
	{
		entity_name = "allies14",
		type = COMPOUND,
		template_name = "dsy_br_gunboat",
		lt_grp = 0, srt_grp = 0, usr_flg = 0,
		flags = LIT_DYNAMIC,
		spatialprops =
		{
			pos = { -200, -600, -1800 },
			orient = { { 0.0000000,  0.0000000,  1.00000000000000 }, { 0.0000000,  1.0000000,  0.0000000 }, { -1.0000000,  0.0000000, -0.0000000 } }
		},
		userprops =
		{
			category = "Spaceship",
		}
	},
	
	{
		entity_name = "path_allies",
		type = MOTION_PATH,
		template_name = "",
		lt_grp = 0, srt_grp = 0, usr_flg = 0,
		spatialprops =
		{
			pos = { 0, 0, 0 },
			orient = { { 1, 0, 0 }, { 0, 1, 0 }, { 0, 0, 1 } }
		},
		pathprops =
		{
			path_type = "CV_CROrientationSplinePath",
			path_data = "OPEN, { -1500, 0, 0 }, { 1, 0, 0, 0 }, { 0, 0, 0 }, { 1, 0, 0, 0 }, "
		}
	},

	{
		entity_name = "enemy1",
		type = COMPOUND,
		template_name = "dsy_gallicdd",
		lt_grp = 0, srt_grp = 0, usr_flg = 0,
		flags = LIT_DYNAMIC,
		spatialprops =
		{
			pos = { 100, -500, -10180 },
			orient = { { 0.0000000,  0.0000000, -1.0000000 }, { 0.0000000,  1.0000000,  0.0000000 }, { 1.0000000,  0.0000000, -0.0000000 } }
		},
		userprops =
		{
			category = "Spaceship",
		}
	},
	
	{
		entity_name = "enemy2",
		type = COMPOUND,
		template_name = "dsy_gallicdd",
		lt_grp = 0, srt_grp = 0, usr_flg = 0,
		flags = LIT_DYNAMIC,
		spatialprops =
		{
			pos = { 500, -600, -6180 },
			orient = { { 0.0000000,  0.0000000, -1.0000000 }, { 0.0000000,  1.0000000,  0.0000000 }, { 1.0000000,  0.0000000, -0.0000000 } }
		},
		userprops =
		{
			category = "Spaceship",
		}
	},
	
	{
		entity_name = "enemy3",
		type = COMPOUND,
		template_name = "dsy_gallicdd",
		lt_grp = 0, srt_grp = 0, usr_flg = 0,
		flags = LIT_DYNAMIC,
		spatialprops =
		{
			pos = { 1000, -2200, -4180 },
			orient = { { 0.0000000,  0.0000000, -1.0000000 }, { 0.0000000,  1.0000000,  0.0000000 }, { 1.0000000,  0.0000000, -0.0000000 } }
		},
		userprops =
		{
			category = "Spaceship",
		}
	},
	
	{
		entity_name = "enemy4",
		type = COMPOUND,
		template_name = "dsy_gallicdd",
		lt_grp = 0, srt_grp = 0, usr_flg = 0,
		flags = LIT_DYNAMIC,
		spatialprops =
		{
			pos = { 600, -200, -5780 },
			orient = { { 0.0000000,  0.0000000, -1.0000000 }, { 0.0000000,  1.0000000,  0.0000000 }, { 1.0000000,  0.0000000, -0.0000000 } }
		},
		userprops =
		{
			category = "Spaceship",
		}
	},
	
	{
		entity_name = "enemy5",
		type = COMPOUND,
		template_name = "dsy_gallicdd",
		lt_grp = 0, srt_grp = 0, usr_flg = 0,
		flags = LIT_DYNAMIC,
		spatialprops =
		{
			pos = { 1200, 3500, -12180 },
			orient = { { 0.0000000,  0.0000000, -1.0000000 }, { 0.0000000,  1.0000000,  0.0000000 }, { 1.0000000,  0.0000000, -0.0000000 } }
		},
		userprops =
		{
			category = "Spaceship",
		}
	},
	
	{
		entity_name = "enemy6",
		type = COMPOUND,
		template_name = "dsy_gallicc",
		lt_grp = 0, srt_grp = 0, usr_flg = 0,
		flags = LIT_DYNAMIC,
		spatialprops =
		{
			pos = { -200, 3000, -14180 },
			orient = { { 0.0000000,  0.0000000, -1.0000000 }, { 0.0000000,  1.0000000,  0.0000000 }, { 1.0000000,  0.0000000, -0.0000000 } }
		},
		userprops =
		{
			category = "Spaceship",
		}
	},
	
	{
		entity_name = "enemy7",
		type = COMPOUND,
		template_name = "dsy_gallicc",
		lt_grp = 0, srt_grp = 0, usr_flg = 0,
		flags = LIT_DYNAMIC,
		spatialprops =
		{
			pos = { 4200, 1500, -13180 },
			orient = { { 0.0000000,  0.0000000, -1.0000000 }, { 0.0000000,  1.0000000,  0.0000000 }, { 1.0000000,  0.0000000, -0.0000000 } }
		},
		userprops =
		{
			category = "Spaceship",
		}
	},
		
	{
		entity_name = "enemy8",
		type = COMPOUND,
		template_name = "dsy_gallicdd",
		lt_grp = 0, srt_grp = 0, usr_flg = 0,
		flags = LIT_DYNAMIC,
		spatialprops =
		{
			pos = { -800, 2200, -4600 },
			orient = { { 0.0000000,  0.0000000, -1.0000000 }, { 0.0000000,  1.0000000,  0.0000000 }, { 1.0000000,  0.0000000, -0.0000000 } }
		},
		userprops =
		{
			category = "Spaceship",
		}
	},
	
	{
		entity_name = "enemy9",
		type = COMPOUND,
		template_name = "dsy_gallicc",
		lt_grp = 0, srt_grp = 0, usr_flg = 0,
		flags = LIT_DYNAMIC,
		spatialprops =
		{
			pos = { 2500, -1300, -12980 },
			orient = { { 0.0000000,  0.0000000, -1.0000000 }, { 0.0000000,  1.0000000,  0.0000000 }, { 1.0000000,  0.0000000, -0.0000000 } }
		},
		userprops =
		{
			category = "Spaceship",
		}
	},
	
	{
		entity_name = "enemy10",
		type = COMPOUND,
		template_name = "dsy_gallicgb",
		lt_grp = 0, srt_grp = 0, usr_flg = 0,
		flags = LIT_DYNAMIC,
		spatialprops =
		{
			pos = { 200, 500, -2000 },
			orient = { { 0.0000000,  0.0000000, -1.0000000 }, { 0.0000000,  1.0000000,  0.0000000 }, { 1.0000000,  0.0000000, -0.0000000 } }
		},
		userprops =
		{
			category = "Spaceship",
		}
	},
	
	{
		entity_name = "enemy11",
		type = COMPOUND,
		template_name = "dsy_gallicdd",
		lt_grp = 0, srt_grp = 0, usr_flg = 0,
		flags = LIT_DYNAMIC,
		spatialprops =
		{
			pos = { 200, 1000, -3000 },
			orient = { { 0.0000000,  0.0000000, -1.0000000 }, { 0.0000000,  1.0000000,  0.0000000 }, { 1.0000000,  0.0000000, -0.0000000 } }
		},
		userprops =
		{
			category = "Spaceship",
		}
	},
	
	{
		entity_name = "path_enemy",
		type = MOTION_PATH,
		template_name = "",
		lt_grp = 0, srt_grp = 0, usr_flg = 0,
		spatialprops =
		{
			pos = { 0, 0, 0 },
			orient = { { 1, 0, 0 }, { 0, 1, 0 }, { 0, 0, 1 } }
		},
		pathprops =
		{
			path_type = "CV_CROrientationSplinePath",
			path_data = "OPEN, { 1000, 0, 0 }, { 1, 0, 0, 0 }, { 0, 0, 0 }, { 1, 0, 0, 0 }, "
		}
	},

	{
		entity_name = "norman_D",
		type = COMPOUND,
		template_name = "dsy_gallicbs",
		lt_grp = 0, srt_grp = 0, usr_flg = 0,
		flags = LIT_DYNAMIC,
		spatialprops =
		{
			pos = { 2400, 3500, -18180 },
			orient = { { 0.0000000,  0.0000000, -1.0000000 }, { 0.0000000,  1.0000000,  0.0000000 }, { 1.0000000,  0.0000000, -0.0000000 } }
		},
		userprops =
		{
			category = "Spaceship",
			loadout = "Gallia_Battleship_Loadout"
		}
	},
	
	{
		entity_name = "superdupont",
		type = COMPOUND,
		template_name = "dsy_gallicc",
		lt_grp = 0, srt_grp = 0, usr_flg = 0,
		flags = LIT_DYNAMIC,
		spatialprops =
		{
			pos = { 6400, 6500, -18680 },
			orient = { { 0.0000000,  0.0000000, -1.0000000 }, { 0.0000000,  1.0000000,  0.0000000 }, { 1.0000000,  0.0000000, -0.0000000 } }
		},
		userprops =
		{
			category = "Spaceship",
			loadout = "Gallia_Battleship_Loadout"
		}
	},
	
	{
		entity_name = "path_valeur",
		type = MOTION_PATH,
		template_name = "",
		lt_grp = 0, srt_grp = 0, usr_flg = 0,
		spatialprops =
		{
			pos = { 0, 0, 0 },
			orient = { { 1, 0, 0 }, { 0, 1, 0 }, { 0, 0, 1 } }
		},
		pathprops =
		{
			path_type = "CV_CROrientationSplinePath",
			path_data = "OPEN, { 80, -20, 0 }, { 1, 0, 0, 0 }, { 120, -20, 0 }, { 1, 0, 0, 0 }, "
		}
	},

	{
		entity_name = "valeur",
